ts,count
1700000005,886
1700000015,877
1700000020,462
1700000030,875
1700000090,194
1700000090,823
1700000100,487
1700003700,628
1700003700,96
1700003705,310
1700003705,92
1700003715,829
1700007315,42
1700007375,405
1700007380,669
1700007440,665
1700007440,638
1700007440,851
1700007450,64
1700007450,36
1700007450,900
1700007450,614
1700007450,796
1700007455,334
1700007460,605
1700007460,531
1700007460,655
1700007461,511
1700007461,678
1700007461,468
1700011061,284
1700011063,564
1700011063,724
1700011064,322
1700011064,525
1700011065,30
1700011065,576
1700011065,410
1700011065,866
1700011066,395
1700011066,981
1700011066,867
1700014666,0
1700014666,214
1700014666,481
1700014668,725
1700014670,429
1700014670,579
1700018270,203
1700021870,276
1700021871,89
1700021872,340
1700021872,987
1700021874,776
1700021874,137
1700021874,723
1700021874,11
1700021874,476
1700021879,181
1700025479,572
1700025479,458
1700025489,195
1700025489,429
1700029089,392
1700029089,404
1700029091,217
1700029091,276
1700029151,311
1700029151,215
1700029151,403
1700029211,657
1700029271,102
1700029271,149
1700029271,452
1700029272,9
1700029332,336
1700029333,395
1700029333,76
1700029333,213
1700029393,651
1700029393,15
1700029453,377
1700029454,637
1700029459,130
1700029519,495
1700029579,138
1700029581,187
1700033181,157
1700033182,930
1700033182,837
1700033242,255
1700033242,162
1700036842,962
1700036852,201
1700040452,972
1700040454,903
1700040459,618
1700040459,431
1700040459,106
1700040459,39
1700040469,985
1700040470,244
1700040472,263
1700040474,843
1700040534,502
1700040535,532
1700040535,951
1700040535,129
1700040535,490
1700040545,669
1700040605,629
1700040605,286
1700040605,939
1700040605,766
1700040605,70
1700040606,421
1700040611,255
1700040611,47
1700040611,288
1700040612,543
1700040672,996
1700040672,94
1700040673,141
1700040678,338
1700044278,750
1700044288,598
1700044288,604
1700044288,945
1700044288,486
1700044289,717
1700044290,985
1700044290,21
1700044350,651
1700044350,493
1700044350,748
1700044351,326
1700044351,74
1700044351,463
1700044361,376
1700044361,921
1700044361,812
1700044362,360
1700044362,701
1700044367,922
1700044367,892
1700044369,966
1700044369,884
1700044374,586
1700044374,639
1700047974,391
1700047976,596
1700047976,623
1700047976,82
1700047976,654
1700047976,263
1700047978,745
1700047979,397
1700048039,468
1700048044,473
1700048054,85
1700048064,768
1700048074,30
1700048075,615
1700048075,492
1700048075,235
1700048075,509
1700048135,675
1700048140,261
1700048140,376
1700048141,146
1700051741,626
1700051741,530
1700051741,771
1700051742,675
1700051747,510
1700051747,334
1700051749,681
1700051750,203
1700055350,441
1700055350,901
1700055350,393
1700055350,597
1700055351,214
1700055351,137
1700055356,359
1700055356,728
1700055356,972
1700055357,841
1700055357,115
1700055362,482
1700055363,947
1700055363,850
1700055365,391
1700058965,532
1700058970,688
1700058971,733
1700059031,463
1700059032,76
1700059032,284
1700059092,42
1700062692,725
1700062693,584
1700062694,316
1700066294,810
1700066354,19
1700069954,139
1700069956,465
1700069956,25
1700069957,243
1700069957,815
1700069957,644
1700069957,457
1700069957,645
1700069967,670
1700073567,826
1700073568,981
1700073568,700
1700073568,204
1700073573,262
1700073573,731
1700073573,773
1700073578,547
1700073578,183
1700073578,278
1700073579,552
1700073589,512
1700073649,774
1700073649,402
1700073649,89
1700073651,954
1700073653,133
1700073658,464
1700073658,640
1700073658,385
1700073668,582
1700077268,900
1700077278,815
1700077279,474
1700077280,666
1700077280,101
1700080880,946
1700080880,218
1700080880,921
1700080882,89
1700080883,549
1700080884,268
1700080884,356
1700080894,84
1700080894,451
1700080895,563
1700080897,786
1700080898,499
1700080898,223
1700080898,439
1700080898,177
1700080908,343
1700084508,806
1700084508,481
1700084508,528
1700084518,860
1700088118,705
1700088123,968
1700088128,592
1700088128,776
1700088128,449
1700088138,572
1700088139,851
1700088149,654
1700088149,535
1700088159,863
1700088169,262
1700088170,687
1700088172,977
1700088232,213
1700088233,871
1700088233,991
1700088243,536
1700088244,586
1700088249,205
1700088251,548
1700088251,515
1700088251,619
1700088253,28
1700088263,992
1700088263,528
1700088265,557
1700088325,124
1700088330,95
1700088330,67
1700088340,469
1700088342,942
1700088344,275
1700088344,484
1700088349,130
1700088350,444
1700088355,537
1700088356,111
1700088356,429
1700088416,30
1700088417,132
1700088417,36
1700088417,159
1700088417,12
1700092017,290
1700092018,740
1700092019,250
1700092079,510
1700092079,511
1700092139,125
1700092149,638
1700092150,734
1700092150,718
1700092160,899
1700092162,23
1700092164,648
1700092166,844
1700092176,630
1700092176,551
1700092176,884
1700095776,546
1700099376,223
1700099386,221
1700099396,626
1700099456,877
1700099456,238
1700103056,829
1700103057,924
1700103057,323
1700103117,322
1700103117,223
1700103117,908
1700103117,137
1700103117,135
1700103117,265
1700103119,99
1700103121,852
1700103123,556
1700103123,205
1700103125,643
1700106725,818
1700106725,98
1700106725,583
1700110325,366
1700110326,118
1700110336,649
1700110337,514
1700113937,852
1700113937,822
1700113937,493
1700113937,24
1700113937,780
1700113947,628
1700113957,926
1700114017,492
1700114017,194
1700114017,117
1700114017,176
1700114017,289
1700117617,97
1700117677,63
1700117677,974
1700121277,473
1700121277,783
1700121277,334
1700121279,478
1700121281,527
1700121282,440
1700121282,615
1700121283,13
1700124883,717
1700124883,864
1700124883,185
1700124885,464
1700124886,757
1700124887,415
1700124887,619
1700124887,97
1700124897,811
1700124897,331
1700124897,820
1700128497,962
1700128499,583
1700128559,195
1700128569,598
1700128570,824
1700128571,286
1700128571,762
1700128571,834
1700128573,136
1700128574,900
1700128584,711
1700128585,785
1700128587,783
1700128587,415
1700128587,739
1700128587,72
1700128588,308
1700128593,103
1700128593,909
1700128594,654
1700128654,50
1700128654,279
1700132254,306
1700132255,221
1700135855,415
1700135915,186
1700135925,78
1700135927,527
1700135932,657
1700135932,718
1700135932,780
1700135934,588
1700135934,117
1700135994,110
1700135994,262
1700135999,411
1700136009,51
1700136009,663
1700136011,11
1700136011,264
1700136012,282
1700136013,563
1700136023,520
1700136025,990
1700136035,581
1700136035,653
1700136040,828
1700139640,78
1700139650,611
1700143250,777
1700143250,395
1700143250,395
1700143255,993
1700143255,876
1700143260,554
1700143320,610
1700143320,439
1700143325,430
1700143326,539
1700143328,612
1700143329,374
1700143339,292
1700143344,670
1700143345,574
1700143346,679
1700143347,27
1700143347,791
1700143347,599
1700143347,648
1700143347,418
1700146947,399
1700146947,919
1700146948,766
1700146950,51
1700147010,740
1700147011,75
1700147011,439
1700147016,256
1700147016,46
1700147026,100
1700147031,147
1700147031,618
1700147031,51
1700147091,427
1700147096,120
1700147096,881
1700147096,365
1700147106,158
1700147106,372
1700147111,143
1700150711,426
1700150716,615
1700150717,654
1700150777,698
1700150779,372
1700150789,834
1700150789,975
1700150790,751
1700150790,244
1700150795,116
1700150805,914
1700150806,803
1700150816,639
1700150817,281
1700150818,624
1700154418,742
1700154478,715
1700154538,194
1700158138,285
1700158138,194
1700158138,514
1700161738,937
1700161738,899
1700165338,40
1700168938,62
1700168938,277
1700168939,435
1700168939,638
1700168939,104
1700168939,554
1700168940,74
1700168940,934
1700172540,164
1700172550,240
1700176150,382
1700176155,490
1700176156,215
1700176157,351
1700176162,762
1700176162,858
1700176162,821
1700176162,458
1700176222,858
1700176222,455
1700176224,765
1700176225,399
1700176225,377
1700176225,669
1700176285,333
1700176286,561
1700176286,437
1700179886,378
1700179946,99
1700179951,896
1700179952,80
1700179962,85
1700179964,577
1700180024,496
1700183624,474
1700183625,843
1700183625,77
1700183626,218
1700187226,618
1700187226,711
1700187227,506
1700187228,289
1700187228,224
1700187229,673
1700187230,375
1700187230,330
1700187235,582
1700187295,940
1700190895,935
1700190896,448
1700190906,822
1700190907,469
1700190908,226
1700190910,990
1700190920,254
1700190920,370
1700190921,24
1700190922,693
1700190924,598
1700190926,815
1700190926,756
1700190986,377
1700190988,553
1700190988,856
1700191048,576
1700191048,180
1700191048,777
1700191053,902
1700191054,831
1700191054,226
1700191064,59
1700191074,162
1700191134,302
1700191134,666
1700191136,65
1700191196,559
1700191197,806
1700191207,86
1700191208,83
1700191209,754
1700191209,920
1700191210,86
1700191210,649
1700194810,147
1700194810,763
1700198410,432
1700198410,729
1700198410,500
1700198420,346
1700198425,403
1700198426,345
1700198427,688
1700198427,505
1700198432,550
1700198432,725
1700198492,936
1700198492,420
1700202092,357
1700202092,825
1700202094,853
1700202094,909
1700202099,980
1700202109,655
1700202109,536
1700202110,727
1700202110,821
1700202110,431
1700202112,937
1700202112,251
1700202112,650
1700202114,700
1700202114,328
1700202114,398
1700202116,541
1700202117,280
1700202117,482
1700202118,748
1700202118,310
1700205718,159
1700205718,934
1700205718,771
1700205723,17
1700205783,492
1700205783,320
1700205783,202
1700205783,367
1700205783,602
1700205783,614
1700205788,609
1700205798,229
1700205803,189
1700205804,412
1700205804,932
1700205805,641
1700205815,964
1700205825,490
1700205826,496
1700205828,936
1700205829,676
1700205839,790
1700205839,494
1700205839,409
1700205839,222
1700205839,820
1700205841,999
1700205851,813
1700205861,792
1700205862,806
1700205862,673
1700205862,913
1700205862,895
1700205867,926
1700205868,460
1700205868,730
1700205870,620
1700205870,425
1700205870,790
1700205871,148
1700205872,929
1700205882,134
1700209482,759
1700209542,272
1700209552,547
1700209552,154
1700209612,788
1700209612,1
1700209612,841
1700209612,841
1700209612,84
1700209613,276
1700209673,733
1700209683,99
1700209688,710
1700209693,84
1700209753,556
1700209763,310
1700209763,808
1700209763,426
1700209763,938
1700213363,93
1700213368,213
1700213368,556
1700213370,538
1700213375,161
1700213376,323
1700213377,415
1700213377,569
1700213378,478
1700216978,732
1700216978,368
1700216978,703
1700216978,108
1700220578,403
1700224178,472
1700224178,669
1700224183,12
1700224185,728
1700224190,243
1700224191,577
1700224191,469
1700224191,876
1700224191,923
1700224251,155
1700224252,642
1700224254,959
1700224264,767
1700224265,976
1700224266,773
1700224268,568
1700227868,89
1700227869,193
1700227869,385
1700227869,337
1700227870,967
1700227871,576
1700227876,741
1700231476,339
1700231481,846
1700231483,94
1700231483,144
1700231543,96
1700231543,693
1700235143,725
1700235143,184
1700235143,411
1700235143,857
1700235148,606
1700235148,102
1700235148,33
1700235148,127
1700235150,416
1700235150,349
1700235152,949
1700235162,142
1700238762,210
1700238762,840
1700238764,494
1700238765,943
1700238767,637
1700238767,744
1700238769,627
1700238770,807
1700238770,676
1700238830,542
1700238830,266
1700238831,193
1700238832,314
1700242432,451
1700242432,570
1700242434,209
1700242444,340
1700242445,844
1700242445,626
1700242445,259
1700242455,924
1700242456,561
1700242456,361
1700242516,512
1700242526,145
1700242586,730
1700242586,955
1700242596,732
1700242596,580
1700242596,642
1700246196,202
1700246196,139
1700246196,489
1700246256,427
1700246257,337
1700246257,951
1700246258,272
1700246263,904
1700246263,463
1700246263,244
1700246323,556
1700246333,574
1700246333,573
1700246334,172
1700246335,615
1700246335,125
1700246335,295
1700249935,918
1700249936,246
1700249996,371
1700249996,190
1700250056,561
1700250056,465
1700250056,413
1700250056,801
1700253656,141
1700253657,774
1700257257,867
1700257259,629
1700257319,655
1700257319,162
1700257319,421
1700257324,33
1700257324,540
1700257326,121
1700257386,415
1700257386,344
1700257396,134
1700257397,249
1700257457,954
1700257458,54
1700261058,802
1700261058,738
1700264658,806
1700264658,412
1700264663,614
1700264663,481
1700264664,421
1700264724,934
1700264784,776
1700264786,769
1700264787,497
1700264792,858
1700264794,844
1700264796,120
1700264856,117
1700264866,338
1700264876,533
1700264878,430
1700264878,328
1700264878,303
1700264938,921
1700264940,749
1700264942,611
1700264943,769
1700264944,903
1700265004,898
1700265004,250
1700265004,864
1700265009,248
1700265019,894
1700265021,995
1700265021,487
1700265021,538
1700265021,558
1700265022,672
1700265024,962
1700265024,900
1700265024,933
1700268624,377
1700268634,431
1700268694,824
1700268694,227
1700272294,764
1700272296,580
1700272296,925
1700272296,100
1700272306,811
1700272306,126
1700272316,589
1700272321,0
1700272322,249
1700272323,24
1700272324,176
1700272324,451
1700272329,835
1700272339,406
1700272339,365
1700272399,236
1700272399,313
1700272399,465
1700272400,315
1700272401,510
1700272401,956
1700272406,899
1700272406,207
1700272407,879
1700272407,200
1700272408,858
1700272409,920
1700272414,16
1700272414,650
1700272424,206
1700272434,647
1700272434,196
1700272434,665
1700272434,313
1700272435,984
1700272436,890
1700272438,730
1700272438,342
1700272443,425
1700272443,173
1700272443,882
1700272444,123
1700272444,275
1700272444,737
1700272444,513
1700276044,302
1700276045,381
1700279645,536
1700279645,604
1700279655,234
1700279656,916
1700279656,683
1700279656,283
1700279656,655
1700283256,92
1700283261,78
1700283266,939
1700283276,75
1700283286,929
1700283286,7
1700283346,600
1700283347,550
1700283348,433
1700283408,89
1700283408,291
1700283408,251
1700283408,285
1700283418,29
1700283418,809
1700283418,919
1700283418,636
1700283423,938
1700283483,393
1700283483,951
1700283488,61
1700283488,65
1700283498,795
1700287098,931
1700287099,328
1700290699,495
1700290699,529
1700290700,517
1700294300,700
1700294310,762
1700294320,178
1700294380,798
1700294380,114
1700294440,446
1700294440,684
1700294445,560
1700294446,805
1700294446,265
1700294451,557
1700294451,873
1700294511,617
1700294516,267
1700294516,207
1700294576,993
1700294576,586
1700294581,893
1700294581,332
1700294581,622
1700294581,623
1700294586,825
1700294588,515
1700294593,740
1700294594,877
1700294594,74
1700294594,929
1700294594,582
1700298194,556
1700298254,810
1700298254,638
1700298254,55
1700298255,435
1700298255,712
1700298256,839
1700298316,756
1700298326,799
1700298327,783
1700298387,510
1700298387,665
1700298397,175
1700298399,260
1700298399,163
1700298404,707
1700302004,850
1700302064,805
1700302069,62
1700302070,420
1700302075,373
1700302075,720
1700302075,131
1700302080,773
1700302140,137
1700302140,762
1700302145,534
1700302145,3
1700302145,419
1700302155,144
1700302155,402
1700302165,305
1700302170,434
1700302170,994
1700302170,696
1700302230,235
1700302231,259
1700302231,565
1700302231,428
1700302236,88
1700302236,372
1700302237,345
1700302297,223
1700302297,164
1700302299,599
1700305899,59
1700305900,581
1700305960,946
1700305960,473
1700305962,957
1700305962,390
1700305964,800
1700305964,220
1700305966,355
1700305966,188
1700305976,823
1700305976,491
1700305976,409
1700305976,608
1700305981,777
1700305982,483
1700305987,501
1700309587,695
1700309587,883
1700309592,209
1700309602,392
1700309604,74
1700309604,707
1700309605,371
1700309606,635
1700309606,531
1700309606,759
1700309607,524
1700309609,580
1700313209,732
1700313209,275
1700313209,369
1700313209,157
1700313210,140
1700313210,740
1700313210,20
1700313211,858
1700313213,460
1700313213,875
1700313215,333
1700313216,789
1700313226,685
1700313226,309
1700313228,622
1700313228,500
1700313228,192
1700313228,526
1700313288,130
1700313288,213
1700313289,420
1700313291,490
1700313301,710
1700313301,529
1700313311,266
1700313312,742
1700313317,682
1700313319,150
1700313319,854
1700313320,547
1700313325,415
1700313325,395
1700313335,886
1700313336,231
1700313336,299
1700313337,353
1700313397,220
1700313397,41
1700313397,765
1700316997,494
1700317057,11
1700317058,676
1700320658,68
1700320658,571
1700320659,682
1700320659,978
1700320660,240
1700324260,265
1700324260,818
1700324262,122
1700324264,504
1700324264,501
1700324266,953
1700324267,291
1700324272,720
1700324273,226
1700324273,947
1700324275,206
1700324280,786
1700324280,359
1700327880,729
1700327880,532
1700327880,760
1700327881,929
1700327883,823
1700327883,489
1700327943,263
1700327953,315
1700327953,924
1700327955,123
1700327956,931
1700327956,934
1700327958,278
1700327958,386
1700327963,867
1700328023,307
1700328028,736
1700328029,907
1700328030,74
1700328030,36
1700328031,331
1700328032,579
1700328033,268
1700331633,908
1700331633,657
1700331638,393
1700331698,349
1700331699,31
1700331759,724
1700331759,789
1700331759,642
1700331759,635
1700331769,420
1700331829,425
1700331829,282
1700331829,849
1700331834,900
1700331839,391
1700331841,39
1700331841,699
1700331851,279
1700331852,506
1700331853,484
1700331853,153
1700331913,197
1700331914,233
1700331915,696
1700331915,240
1700331925,0
1700331935,403
1700331935,245
1700331945,505
1700335545,783
1700335555,80
1700335615,843
1700335625,905
1700335626,270
1700335627,106
1700335627,320
1700335627,712
1700335629,703
1700335629,987
1700335629,844
1700335629,163
1700335630,636
1700335635,824
1700335695,300
1700335696,424
1700335697,375
1700339297,546
1700339302,242
1700342902,255
1700342903,332
1700342903,939
1700342913,755
1700342913,898
1700342913,70
1700342913,906
1700342914,115
1700342919,524
1700346519,492
1700346519,166
1700346579,887
1700346581,890
1700346586,54
1700346587,259
1700346589,519
1700346591,259
1700350191,257
1700350192,732
1700353792,334
1700353792,341
1700353792,862
1700353852,848
1700353852,581
1700353854,656
1700353854,637
1700353855,820
1700353855,128
1700353855,385
1700353915,685
1700353916,236
1700357516,189
1700357516,483
1700357576,710
1700357576,274
1700357577,429
1700357578,646
1700361178,406
1700361180,955
1700364780,142
1700364780,161
1700364780,891
1700364780,198
1700364781,365
1700364791,820
1700364791,414
1700364792,926
1700364792,852
1700364802,876
1700364807,175
1700364808,68
1700364809,449
1700368409,290
1700368409,401
1700368469,417
1700368469,590
1700368471,691
1700368471,559
1700368472,819
1700368472,452
1700368472,853
1700368472,569
1700368473,901
1700368478,443
1700368478,155
1700368479,905
1700368479,276
1700368539,582
1700368539,280
1700372139,409
1700372140,329
1700372140,82
1700372145,205
1700372146,564
1700372147,572
1700372147,155
1700372147,7
1700372148,686
1700372148,4
1700372148,344
1700372153,143
1700372153,888
1700372155,495
1700372155,424
1700372156,826
1700372166,405
1700372176,59
1700372176,563
1700372236,672
1700372296,258
1700372297,193
1700372298,885
1700372298,824
1700372303,584
1700372303,180
1700372303,967
1700372303,551
1700372303,691
1700372303,277
1700372304,24
1700372314,317
1700372314,526
1700372319,10
1700372319,65
1700372320,11
1700372330,271
1700372330,811
1700372335,408
1700372336,822
1700372346,847
1700375946,786
1700375946,958
1700375951,411
1700375953,256
1700376013,24
1700376013,590
1700376013,232
1700376014,397
1700376015,518
1700379615,283
1700379616,641
1700383216,460
1700383217,319
1700383218,68
1700386818,329
1700386878,96
1700386879,342
1700386879,759
1700386879,216
1700386879,761
1700386879,559
1700386880,696
1700386880,181
1700386881,108
1700386881,146
1700386882,358
1700386882,441
1700386882,9
1700386884,514
1700386884,413
1700386884,329
1700386894,860
1700386894,21
1700386894,328
1700386894,772
1700386954,110
1700387014,329
1700387016,484
1700387016,511
1700387018,799
1700387018,832
1700387019,71
1700390619,399
1700390620,902
1700390620,796
1700390621,537
1700390621,151
1700394221,678
1700394223,932
1700397823,56
1700397823,631
1700397883,352
1700397888,876
1700401488,434
1700401498,992
1700401558,947
1700401558,124
1700401563,446
1700405163,478
1700405165,856
1700405167,513
1700405167,384
1700405227,554
1700405287,43
1700405297,942
1700405297,540
1700408897,462
1700408902,290
1700408962,47
1700409022,55
1700409023,155
1700409033,479
1700409034,262
1700409094,320
1700409094,754
1700409099,564
1700409101,53
1700409101,770
1700409106,113
1700409106,191
1700412706,808
1700412706,849
1700412706,816
1700412706,523
1700412707,267
1700412707,189
1700412707,728
1700412708,256
1700412718,826
1700412719,464
1700412719,549
1700412719,886
1700412721,200
1700412726,286
1700416326,244
1700416326,109
1700416336,451
1700416341,897
1700416341,73
1700416346,875
1700416346,789
1700416356,996
1700416356,815
1700416356,831
1700416357,182
1700416357,341
1700416357,951
1700416358,978
1700416358,853
1700416359,120
1700416361,186
1700416421,397
1700416421,869
1700420021,631
1700420026,923
1700420031,73
1700420031,664
1700420031,545
1700423631,323
1700423631,573
1700427231,441
1700427233,15
1700427234,716
1700427235,864
1700430835,968
1700430836,674
1700430896,213
1700430896,185
1700430896,175
1700430956,477
1700430956,132
1700430957,118
1700430958,963
1700430959,624
1700431019,366
1700431020,200
1700431020,70
1700431020,753
1700431021,891
1700431022,788
1700431024,204
1700431024,73
1700434624,272
1700434626,383
1700434686,418
1700434687,467
1700434687,518
1700434687,964
1700434687,354
1700434697,720
1700434699,240
1700434704,593
1700434704,291
1700434704,893
1700434705,974
1700434705,692
1700438305,465
1700438305,956
1700438310,396
1700438310,761
1700438312,615
1700438312,459
1700441912,65
1700441913,429
1700441914,288
1700441974,451
1700445574,977
1700445575,299
1700449175,711
1700449175,688
1700449235,250
1700449235,421
1700449236,135
1700449296,916
1700449297,397
1700449299,285
1700449300,104
1700449360,106
1700449370,673
1700449370,464
1700449370,90
1700449371,16
1700449372,30
1700449432,685
1700449433,919
1700449433,684
1700453033,159
1700453038,74
1700453039,174
1700453044,517
1700453045,491
1700456645,667
1700456705,62
1700456705,999
1700456705,808
1700456707,443
1700456707,665
1700456717,717
1700456717,58
1700456717,473
1700460317,410
1700463917,954
1700463917,530
1700463977,214
1700463982,378
1700463982,527
1700463984,98
1700463984,3
1700463984,981
1700467584,712
1700467644,805
1700467645,679
1700467650,794
1700467650,443
1700467655,159
1700467655,379
1700467656,967
1700467656,111
1700467657,422
1700467667,574
1700467677,997
1700467677,794
1700467677,308
1700467687,577
1700467687,69
1700467747,243
1700467747,678
1700467747,521
1700467757,315
1700467758,361
1700467758,252
1700467818,423
1700467823,55
1700467823,603
1700467828,174
1700467838,107
1700467843,140
1700467843,829
1700467853,158
1700467853,993
1700467913,537
1700467913,416
1700467973,626
1700467973,423
1700467973,234
1700467973,816
1700467973,752
1700467975,160
1700467976,543
1700468036,29
1700468038,112
1700468043,307
1700468053,658
1700468053,399
1700468055,306
1700468055,219
1700468056,549
1700468056,672
1700468058,336
1700468063,208
1700471663,907
1700471673,969
1700471673,581
1700471683,949
1700471683,403
1700475283,306
1700475284,757
1700475344,264
1700475344,376
1700475344,439
1700475349,393
1700475350,664
1700475352,341
1700475357,119
1700475357,318
1700475367,63
1700475367,540
1700475369,560
1700475370,409
1700475370,691
1700475370,730
1700475371,33
1700475372,368
1700475377,973
1700475377,532
1700475387,499
1700475387,382
1700475389,607
1700475389,7
1700475449,365
1700475449,374
1700475509,710
1700475510,860
1700475511,214
1700475571,780
1700475631,57
1700475632,188
1700475637,120
1700475647,776
1700475648,54
1700475648,218
1700475649,603
1700475650,827
1700475652,662
1700475653,411
1700475653,292
1700475713,696
1700475713,87
1700475715,230
1700475716,336
1700475716,324
1700475716,839
1700475716,807
1700475717,657
1700475718,58
1700475723,49
1700475725,639
1700475725,565
1700475725,949
1700475726,654
1700475726,631
1700479326,770
1700479326,593
1700479336,5
1700479341,428
1700479342,695
1700482942,935
1700482942,176
1700482942,451
1700486542,769
1700486542,386
1700486547,693
1700486549,820
1700486549,455
1700486550,918
1700486550,855
1700486550,979
1700486551,682
1700486561,729
1700486561,719
1700486561,406
1700486562,707
1700490162,573
1700490162,944
1700490162,99
1700490164,331
1700490174,143
1700490174,158
1700490175,483
1700490177,32
1700490179,952
1700490181,205
1700493781,719
1700493786,505
1700493788,706
1700493790,523
1700493795,107
1700493805,760
1700493805,791
1700493865,331
1700493865,15
1700493866,843
1700493866,667
1700493867,386
1700493927,822
1700493937,700
1700493939,463
1700493999,602
1700494004,366
1700494064,151
1700494069,720
1700494071,335
1700494071,714
1700494076,239
1700497676,267
1700497677,747
1700497679,588
1700497679,263
1700497679,821
1700497680,386
1700497680,733
1700497680,443
1700497740,66
1700497750,184
1700497752,931
1700497762,466
1700497764,498
1700497764,236
1700497764,771
1700497824,104
1700501424,313
1700501434,867
1700501434,35
1700501435,581
1700501435,564
1700501440,341
1700501445,155
1700501450,973
1700501451,825
1700501452,100
1700501452,802
1700501452,223
1700501452,881
1700501462,755
1700501522,352
1700501522,167
1700501522,596
1700501522,920
1700501523,705
1700501524,372
1700501524,973
1700501525,622
1700501526,113
1700501526,366
1700501526,176
1700501536,910
1700501537,683
1700501538,293
1700501539,574
1700501539,268
1700501544,77
1700501545,29
1700501546,812
1700501547,966
1700501557,155
1700501559,163
1700501569,875
1700501569,624
1700501569,556
1700501569,547
1700505169,719
1700505229,793
1700508829,266
1700508830,55
1700508832,959
1700508833,667
1700508843,239
1700508848,463
1700512448,379
1700512449,746
1700512449,966
1700516049,517
1700516050,579
1700516051,906
1700516051,77
1700516061,112
1700516121,963
1700519721,760
1700519721,309
1700519721,104
1700519781,984
1700519781,199
1700519782,316
1700519783,893
1700519783,62
1700523383,680
1700523383,144
1700523383,423
1700523443,146
1700527043,997
1700527053,555
1700527053,447
1700527063,695
1700527063,88
1700527073,711
1700527074,627
1700527079,947
1700527079,900
1700527079,427
1700527079,497
1700527079,80
1700527084,30
1700527094,962
1700527104,91
1700527104,920
1700527105,262
1700527106,224
1700527107,961
1700527107,999
1700527117,972
1700527117,879
1700527119,957
1700527119,623
1700527124,814
1700527184,702
1700527244,627
1700527304,323
1700527304,88
1700527314,160
1700527314,111
1700527314,305
1700527315,980
1700527315,424
1700527315,152
1700527315,704
1700527375,532
1700527435,785
1700531035,827
1700531035,0
1700531036,69
1700531036,998
1700531038,853
1700531038,417
1700531039,343
1700531039,355
1700531041,15
1700531041,268
1700531041,599
1700531042,538
1700531043,533
1700534643,360
1700534648,667
1700534648,953
1700534650,179
1700534650,153
1700534650,259
1700534655,490
1700534655,802
1700534656,189
1700534656,694
1700538256,624
1700538257,609
1700538267,588
1700538268,587
1700538268,188
1700538269,237
1700538269,308
1700538279,337
1700538279,690
1700538279,809
1700538279,553
1700538279,80
1700541879,781
1700541889,250
1700541894,223
1700541894,424
1700541904,141
1700541905,685
1700541906,71
1700541906,855
1700541908,138
1700541910,808
1700545510,801
1700545510,346
1700545510,388
1700545511,575
1700545571,966
1700545571,487
1700545571,53
1700545576,33
1700545578,977
1700545578,435
1700545578,146
1700545578,210
1700545578,899
1700545583,983
1700545583,953
1700545584,350
1700545584,953
1700545584,145
1700545585,968
1700545585,197
1700545585,138
1700549185,242
1700552785,464
1700552786,381
1700552786,945
1700552787,149
1700552787,189
1700552788,692
1700552788,126
1700552789,328
1700552789,596
1700552789,280
1700552799,534
1700552809,835
1700552869,453
1700552879,268
1700552879,83
1700556479,228
1700556479,78
1700556480,998
1700560080,515
1700560080,164
1700560081,653
1700560141,107
1700560142,495
1700560202,470
1700560203,617
1700560208,476
1700560208,195
1700560208,966
1700560213,694
1700560213,449
1700560273,410
1700560283,53
1700560284,166
1700560284,177
1700560286,754
1700560286,984
1700560286,24
1700560286,434
1700560291,626
1700563891,64
1700563896,25
1700563896,350
1700563896,170
1700563897,995
1700563897,344
1700563898,868
1700563958,575
1700563959,704
1700563964,256
1700564024,760
1700564025,170
1700564026,147
1700564086,594
1700564146,426
1700564148,553
1700564208,471
1700564209,340
1700564214,238
1700567814,958
1700567874,873
1700571474,166
1700571479,521
1700571489,941
1700571490,783
1700571490,956
1700571491,240
1700571501,597
1700571503,161
1700571504,290
1700575104,99
1700578704,703
1700578704,355
1700578709,572
1700578709,509
1700578719,666
1700578721,702
1700578721,678
1700578726,410
1700578727,509
1700578787,867
1700582387,582
1700582392,57
1700582392,327
1700582397,654
1700582402,63
1700586002,146
1700586002,286
1700586012,453
1700586012,86
1700586013,819
1700586013,240
1700586073,848
1700586075,817
1700586075,260
1700586075,924
1700589675,516
1700589675,436
1700589676,568
1700589676,968
1700589676,501
1700589681,155
1700589682,323
1700593282,515
1700593292,350
1700593292,662
1700593292,706
1700593297,822
1700593298,683
1700593298,701
1700593298,816
1700593299,829
1700593300,820
1700593300,120
1700593305,310
1700593305,45
1700593305,979
1700593315,673
1700593316,482
1700596916,625
1700600516,932
1700600518,954
1700604118,886
1700604118,999
1700607718,163
1700607718,265
1700607719,892
1700607721,318
1700607722,190
1700607782,710
1700607783,725
1700607843,664
1700607843,767
1700611443,59
1700611445,888
1700611447,787
1700611449,804
1700611449,582
1700611450,966
1700611455,654
1700611460,230
1700611462,728
1700611463,40
1700611463,904
1700611463,511
1700611463,236
1700615063,633
1700615063,711
1700615063,528
1700615065,323
1700615070,279
1700615070,27
1700618670,273
1700622270,790
1700622270,338
1700622271,949
1700622271,933
1700622271,297
1700622281,974
1700622341,634
1700622342,985
1700622347,792
1700622347,341
1700622347,286
1700622347,535
1700622352,67
1700622352,98
1700622362,51
1700622367,774
1700622377,255
1700622378,204
1700622438,372
1700622438,444
1700622439,407
1700622439,347
1700622439,981
1700622440,302
1700622450,880
1700626050,544
1700626052,220
1700626054,942
1700626054,808
1700626059,938
1700626059,124
1700626061,443
1700626066,702
1700626068,780
1700629668,568
1700633268,946
1700633278,924
1700633279,600
1700633289,429
1700633289,540
1700633289,193
1700633289,784
1700633289,629
1700633289,188
1700633299,992
1700633300,806
1700633360,744
1700633361,274
1700636961,42
1700636961,467
1700636961,442
1700636961,974
1700636966,198
1700636967,909
1700636967,563
1700636967,2
1700636968,475
1700637028,448
1700637028,435
1700637033,586
1700637033,412
1700640633,245
1700644233,884
1700644293,418
1700644293,89
1700644353,131
1700644353,56
1700644413,485
1700644415,17
1700644417,74
1700644419,747
1700644424,633
1700644424,212
1700644424,872
1700644429,601
1700644430,948
1700648030,122
1700648031,311
1700648031,226
1700648041,590
1700648043,756
1700648045,890
1700648045,263
1700648045,810
1700648045,725
1700648046,459
1700648046,374
1700651646,447
1700651646,463
1700651648,323
1700651648,638
1700651648,421
1700651649,636
1700651649,466
1700651654,640
1700651664,465
1700655264,385
1700658864,919
1700658874,999
1700658876,907
1700662476,76
1700662476,303
1700662476,741
1700662536,972
1700662596,671
1700666196,465
1700666198,217
1700669798,305
1700669798,615
1700669798,552
1700669858,744
1700669859,576
1700669861,17
1700669863,352
1700669865,265
1700669865,628
1700669867,226
1700669869,306
1700669869,765
1700669871,61
1700669876,596
1700669876,840
1700669876,857
1700673476,400
1700673476,604
1700673477,764
1700673478,592
1700673483,257
1700673484,722
1700677084,574
1700677086,557
1700677086,25
1700677086,770
1700677146,332
1700677156,973
1700677156,281
1700677216,351
1700677226,976
1700677231,334
1700677231,944
1700680831,812
1700680836,679
1700680841,296
1700680843,692
1700680843,100
1700680903,49
1700680908,473
1700680918,570
1700680923,583
1700680923,976
1700680924,361
1700680926,777
1700680926,77
1700680926,307
1700680936,708
1700680936,706
1700680937,848
1700680937,389
1700680938,149
1700680939,592
1700680949,525
1700680949,552
1700680950,407
1700684550,414
1700684550,807
1700684551,641
1700684611,255
1700684611,182
1700684611,120
1700684611,652
1700684611,756
1700684611,270
1700684611,500
1700684611,712
1700684671,28
1700688271,838
1700688272,880
1700688273,216
1700688333,720
1700688334,716
1700688335,345
1700688335,866
1700688340,718
1700688341,28
1700688346,939
1700688406,288
1700688466,517
1700688467,228
1700688477,228
1700688537,634
1700688538,153
1700692138,987
1700692139,806
1700692144,908
1700692146,179
1700692146,937
1700692206,693
1700692206,484
1700692207,619
1700692208,221
1700692209,893
1700692209,490
1700692210,60
1700692210,504
1700695810,48
1700695810,785
1700699410,556
1700699470,25
1700699470,331
1700699470,607
1700699471,779
1700699476,614
1700699486,882
1700699488,64
1700699488,427
1700699488,930
1700699548,180
1700699558,279
1700699558,683
1700699558,712
1700703158,330
1700703158,478
1700703159,226
1700703169,21
1700703170,255
1700703171,3
1700703171,945
1700703172,306
1700703173,15
1700703173,372
1700703174,426
1700703234,176
1700703235,177
1700703235,166
1700703235,480
1700706835,524
1700706835,319
1700706845,908
1700706905,818
1700710505,454
1700710515,250
1700710517,836
1700710519,370
1700710529,271
1700710534,454
1700710544,589
1700710554,807
1700710554,291
1700710554,303
1700710555,401
1700710555,663
1700710555,635
1700710560,292
1700710570,195
1700710571,889
1700710581,700
1700710586,708
1700710587,762
1700710592,92
1700710594,513
1700710604,232
1700710664,670
1700710664,76
1700710664,252
1700710674,994
1700710675,556
1700710677,527
1700710687,317
1700710687,882
1700710688,529
1700710689,978
1700710689,544
1700710689,13
1700710689,817
1700710691,732
1700714291,768
1700714291,458
1700714301,961
1700714303,605
1700714313,606
1700714313,596
1700714313,70
1700714318,762
1700714318,690
1700714323,221
1700714328,667
1700714338,831
1700714339,591
1700717939,629
1700717939,12
1700717939,738
1700721539,946
1700721539,618
1700721539,248
1700721540,341
1700721540,980
1700721550,535
1700721550,999
1700725150,188
1700725151,192
1700725151,776
1700725151,58
1700725152,35
1700725152,809
1700725152,649
1700725152,757
1700725152,907
1700725157,660
1700725158,824
1700725159,922
1700725159,327
1700728759,117
1700728819,6
1700732419,44
1700732479,311
1700732481,900
1700736081,258
1700736083,732
1700739683,189
1700739685,506
1700743285,991
1700743285,245
1700743345,285
1700743346,939
1700743346,690
1700743346,67
1700743347,190
1700743347,390
1700743348,958
1700746948,717
1700746948,648
1700750548,666
1700754148,708
1700754150,957
1700754151,505
1700754151,60
1700754153,503
1700754213,393
1700754213,543
1700754214,49
1700754214,28
1700754215,623
1700754216,570
1700754217,398
1700754217,965
1700754277,658
1700754337,184
1700754337,512
1700754337,511
1700757937,784
1700761537,578
1700765137,244
1700765142,194
1700765147,742
1700765147,79
1700765157,885
1700765157,133
1700765157,392
1700765162,230
1700765164,634
1700765166,763
1700765166,779
1700765167,739
1700765167,359
1700765167,151
1700765168,166
1700765228,38
1700765228,247
1700768828,390
1700768828,88
1700768828,142
1700768829,616
1700768829,606
1700768829,235
1700768830,184
1700768830,461
1700768830,447
1700768830,75
1700772430,534
1700772430,72
1700772430,846
1700772440,810
1700772442,419
1700772442,387
1700772502,764
1700772512,98
1700772514,5
1700772519,314
1700772519,629
1700772519,198
1700772520,957
1700772520,432
1700772580,872
1700772582,296
1700772592,292
1700776192,135
1700776192,392
1700776193,946
1700776193,930
1700779793,41
1700779794,291
1700779795,299
1700779795,768
1700779795,716
1700783395,190
1700786995,402
1700786996,783
1700786997,115
1700787007,123
1700787009,886
1700790609,370
1700790669,619
1700794269,981
1700794329,919
1700794389,910
1700794390,239
1700794395,671
1700794396,983
1700794456,147
1700794457,413
1700794462,577
1700794462,134
1700798062,63
1700798064,643
1700798124,286
1700798124,330
1700798184,398
1700798184,274
1700798189,683
1700798189,268
1700798189,374
1700798199,710
1700798259,194
1700798269,869
1700798270,203
1700798272,570
1700798332,347
1700798332,117
1700798332,704
1700798332,642
1700798333,656
1700798334,480
1700798344,652
1700798344,66
1700798346,733
1700798346,820
1700798351,182
1700798356,877
1700798361,957
1700801961,431
1700801962,325
1700801972,407
1700801972,320
1700801977,551
1700805577,633
1700805577,936
1700809177,989
1700809177,128
1700809237,613
1700809237,701
1700809237,431
1700809239,864
1700809239,558
1700809239,586
1700812839,690
1700812840,991
1700816440,59
1700816441,100
1700816441,142
1700816446,692
1700816447,700
1700816448,560
1700816453,876
1700816454,963
1700816454,58
1700820054,663
1700820054,487
1700820054,103
1700820054,600
1700820054,873
1700820054,164
1700820064,356
1700820064,95
1700820124,717
1700820125,940
1700820125,381
1700823725,665
1700823726,905
1700823728,567
1700827328,596
1700827328,883
1700827328,693
1700827338,998
1700827339,293
1700827344,792
1700827345,648
1700827347,479
1700827347,11
1700827352,487
1700827353,493
1700827413,931
1700827423,160
1700827433,272
1700827433,551
1700827433,368
1700827493,374
1700831093,99
1700831094,75
1700831099,623
1700831109,430
1700831110,403
1700834710,495
1700834712,698
1700834717,875
1700834718,82
1700834718,47
1700834720,546
1700834720,985
1700838320,976
1700838320,454
1700838320,582
1700838322,100
1700838382,235
1700838382,455
1700841982,302
1700841983,376
1700841985,909
1700841985,745
1700841985,3
1700841985,494
1700841985,135
1700841985,139
1700841985,911
1700841985,580
1700845585,158
1700845585,340
1700845590,187
1700845650,52
1700845651,957
1700845651,343
1700845651,434
1700845651,111
1700845661,38
1700849261,340
1700849266,411
1700849266,848
1700849266,933
1700849326,182
1700849331,506
1700849332,314
1700849334,213
1700852934,980
1700852934,429
1700852934,971
1700852939,632
1700852939,328
1700852939,741
1700852941,925
1700852941,836
1700852951,244
1700852951,864
1700852961,527
1700852971,885
1700852972,254
1700852972,565
1700852982,325
1700852982,609
1700852983,777
1700852983,344
1700856583,430
1700856583,474
1700856583,121
1700856593,97
1700856593,173
1700856593,846
1700856595,508
1700860195,497
1700860196,203
1700860197,78
1700860197,230
1700860257,620
1700860257,131
1700860257,719
1700860267,612
1700860277,627
1700860337,812
1700860339,416
1700860339,663
1700860340,932
1700860342,800
1700860343,126
1700863943,256
1700863944,476
1700863945,574
1700863946,818
1700867546,157
1700867547,395
1700871147,658
1700871147,257
1700871149,322
1700871209,103
1700871209,943
1700871210,605
1700871212,651
1700871212,716
1700871212,653
1700871222,913
1700874822,85
1700874832,260
1700874837,231
1700874837,898
1700874837,361
1700874842,965
1700874842,819
1700874843,955
1700874845,825
1700874846,312
1700874851,30
1700874851,654
1700874911,821
1700874912,508
1700874912,12
1700874912,429
1700874912,84
1700874972,567
1700874972,247
1700874977,478
1700875037,499
1700875038,326
1700875038,528
1700875040,448
1700875041,264
1700875041,368
1700875101,944
1700878701,588
1700878701,128
1700878702,827
1700882302,92
1700882302,570
1700885902,99
1700885912,94
1700885912,420
1700885972,160
1700885973,324
1700886033,303
1700886034,979
1700886034,776
1700886039,661
1700886039,484
1700886039,796
1700886040,685
1700886040,161
1700886050,542
1700886052,825
1700886062,762
1700886122,583
1700886127,94
1700886127,763
1700886127,882
1700886127,985
1700886128,116
1700886133,143
1700886138,172
1700886198,587
1700886199,643
1700886259,339
1700886259,865
1700886260,822
1700886262,1
1700886267,560
1700886269,95
1700886269,71
1700886270,273
1700889870,787
1700893470,605
1700897070,186
1700897072,336
1700897082,669
1700897082,438
1700897087,42
1700897088,60
1700900688,476
1700900688,560
1700900688,610
1700900688,580
1700900698,552
1700900758,501
1700900758,984
1700900758,855
1700904358,388
1700907958,162
1700907963,845
1700911563,1000
1700911568,182
1700911573,959
1700911633,213
1700915233,123
1700915234,168
1700915236,236
1700915236,931
1700915236,485
1700915236,929
1700915237,92
1700915237,291
1700918837,867
1700918847,794
1700918848,447
1700918853,27
1700918858,795
1700918859,812
1700918864,517
1700922464,974
1700922465,994
1700922525,714
1700922525,157
1700922525,538
1700922527,576
1700922528,950
1700922528,563
1700922528,916
1700922530,684
1700922530,857
1700922531,30
1700922531,324
1700922531,377
1700922531,318
1700922531,60
1700922591,703
1700922651,390
1700922652,180
1700922652,107
1700922653,15
1700922658,783
1700922658,190
1700922658,204
1700922658,387
1700922659,481
1700922659,754
1700922660,45
1700922665,500
1700922666,91
1700922671,102
1700922672,956
1700922672,942
1700922673,615
1700922674,982
1700922684,960
1700922684,175
1700922685,205
1700922685,124
1700922690,309
1700922695,77
1700922755,697
1700922756,208
1700922756,919
1700922758,886
1700922768,34
1700922768,302
1700922769,934
1700922770,825
1700922772,408
1700922772,609
1700922774,73
1700922776,251
1700922778,748
1700922838,348
1700922843,232
1700922848,64
1700922848,314
1700922850,276
1700922860,298
1700922862,947
1700922922,551
1700922923,377
1700922923,467
1700926523,46
1700926524,595
1700926529,815
1700926531,94
1700926532,637
1700926532,7
1700926533,776
1700926534,160
1700926534,243
1700926534,823
1700926539,609
1700926539,751
1700926539,368
1700926539,454
1700926549,538
1700926549,24
1700926551,103
1700926553,804
1700926563,669
1700926568,99
1700926569,395
1700926570,515
1700926572,811
1700926572,690
1700926573,472
1700926583,918
1700926643,856
1700926653,528
1700926653,853
1700926713,549
1700926773,572
1700926773,613
1700926778,135
1700926780,7
1700926840,168
1700926900,276
1700926900,918
1700926905,115
1700930505,314
1700930507,7
1700930508,230
1700930510,899
1700930511,983
1700930511,419
1700930516,749
1700930516,602
1700930526,78
1700930526,452
1700930531,254
1700930532,174
1700930532,593
1700930534,957
1700930539,127
1700930544,128
1700930545,565
1700934145,513
1700934145,186
1700934146,393
1700934148,527
1700934153,537
1700934155,136
1700934215,318
1700934215,953
1700934225,233
1700934225,202
1700934230,935
1700937830,493
1700937890,720
1700937891,672
1700937892,319
1700941492,19
1700941492,92
1700941492,748
1700941492,674
1700941492,102
1700941492,121
1700941492,919
1700941493,561
1700941493,455
1700941494,994
1700941554,483
1700941554,764
1700941555,785
1700941565,781
1700941566,978
1700941576,617
1700945176,717
1700945177,759
1700948777,139
1700948777,263
1700948777,178
1700948777,761
1700948777,972
1700948777,947
1700948779,868
1700952379,840
1700952380,580
1700955980,76
1700955980,44
1700955982,62
1700955992,748
1700955997,48
1700956057,703
1700956062,875
1700959662,204
1700963262,324
1700963264,376
1700963264,654
1700963264,779
1700963266,740
1700963268,473
1700963268,153
1700963273,452
1700966873,841
1700966883,733
1700966883,160
1700966883,407
1700966883,855
1700966883,140
1700966883,991
1700966885,839
1700966945,934
1700966945,692
1700966945,686
1700967005,177
1700967006,628
1700967006,362
1700967006,347
1700970606,73
1700970607,679
1700970607,869
1700974207,562
1700974207,683
1700974212,620
1700974217,827
1700974217,982
1700974222,470
1700974222,615
1700974282,616
1700977882,174
1700977942,374
1700977943,63
1700977943,660
1700977944,639
1700977949,496
1700978009,202
1700978009,790
1700978069,214
1700978074,921
1700981674,406
1700981674,567
1700981675,939
1700981676,62
1700981736,404
1700981737,281
1700981737,707
1700981737,589
1700981738,762
1700981740,761
1700981740,93
1700981800,522
1700981802,365
1700981802,347
1700981862,1000
1700985462,200
1700985522,543
1700985523,231
1700985524,14
1700985534,308
1700985536,917
1700985537,347
1700985542,875
1700985552,626
1700985553,714
1700985563,366
1700985563,417
1700985564,915
1700985565,974
1700985625,136
1700985626,758
1700985628,56
1700985629,133
1700985629,765
1700985629,860
1700985639,793
1700985699,161
1700985759,111
1700985819,448
1700985879,474
1700985879,392
1700985880,522
1700985881,60
1700985886,394
1700985886,752
1700989486,23
1700989487,97
1700989487,174
1700989488,464
1700989548,437
1700989549,867
1700993149,999
1700993159,214
1700993160,923
1700993161,91
1700993221,595
1700993221,493
1700993221,524
1700993221,229
1700993231,598
1700993231,844
1700993231,62
1700993236,877
1700993241,507
1700993241,459
1700993242,40
1700996842,538
1700996842,947
1700996847,694
1700996847,336
1700996847,718
1700996849,337
1700996909,129
1700996911,527
1700996921,854
1700996922,884
1700996923,704
1700996924,357
1700996924,789
1700996926,375
1700996926,194
1700996926,102
1700996926,769
1700996986,499
1700996986,483
1700996986,928
1700996986,722
1700997046,342
1700997106,399
1700997107,278
1700997107,86
1700997107,18
1700997107,868
1700997107,163
1700997112,594
1700997114,423
1700997115,561
1700997116,313
1700997116,545
1700997118,105
1700997123,30
1700997124,623
1700997184,895
1700997194,51
1700997194,718
1700997194,238
1700997195,703
1700997195,250
1700997196,159
1700997206,990
1700997211,937
1700997211,945
1700997211,554
1700997216,52
1700997217,870
1700997217,68
1700997217,302
1701000817,43
1701000817,901
1701000818,888
1701000818,887
1701000819,47
1701000819,970
1701000821,244
1701000881,873
1701004481,230
1701004481,367
1701004491,305
1701004491,128
1701004496,101
1701004497,450
1701004497,249
1701004557,402
1701004558,3
1701004568,567
1701004570,549
1701004570,731
1701004575,970
1701004575,711
1701004580,228
1701004580,127
1701004585,870
1701004586,228
1701004596,91
1701004606,710
1701004607,426
1701004607,541
1701004607,52
1701008207,869
1701008212,902
1701008214,241
1701008214,64
1701008219,964
1701008229,213
1701008229,248
1701008229,482
1701008229,354
1701008289,851
1701008294,426
1701008294,979
1701011894,14
1701011894,290
1701011894,24
1701011954,261
1701015554,927
1701015614,140
1701015674,311
1701015679,147
1701015681,502
1701015691,29
1701019291,888
1701019291,698
1701022891,500
1701022891,854
1701022896,848
1701022896,324
1701022897,206
1701022897,455
1701022902,484
1701022907,138
1701022908,280
1701022910,787
1701022911,775
1701022911,903
1701022912,309
1701022972,564
1701022972,692
1701023032,517
1701023092,149
1701023102,582
1701023112,67
1701023113,472
1701023113,774
1701023115,491
1701023115,757
1701023115,873
1701023117,468
1701023127,451
1701023127,969
1701023127,583
1701023187,417
1701023187,696
1701023192,737
1701023192,140
1701023192,520
1701023192,669
1701023194,111
1701023194,108
1701023194,624
1701023194,887
1701023199,566
1701026799,163
1701026800,938
1701026860,598
1701030460,584
1701034060,558
1701034060,23
1701034060,355
1701034062,98
1701034062,605
1701034062,265
1701034062,47
1701034062,572
1701034063,418
1701034073,211
1701034078,209
1701034078,16
1701034080,29
1701034080,826
1701034082,157
1701037682,15
1701037683,590
1701037684,252
1701037684,629
1701037684,933
1701037694,286
1701037754,575
1701037755,269
1701037755,264
1701041355,216
1701041365,354
1701041365,977
1701041375,596
1701041375,263
1701044975,38
1701044976,751
1701044976,789
1701044976,596
1701045036,253
1701045036,68
1701045036,195
1701048636,145
1701048641,279
1701048641,372
1701048641,848
1701052241,854
1701052241,618
1701052301,957
1701052301,637
1701052301,596
1701052361,331
1701052361,388
1701052421,583
1701052422,253
1701056022,401
1701056022,737
1701056022,680
1701056022,248
1701056023,120
1701056025,139
1701056035,302
1701056045,911
1701056105,840
1701056115,36
1701059715,175
1701059725,805
1701059735,610
1701059735,299
1701059735,589
1701059740,319
1701059740,969
1701059741,21
1701059801,405
1701059811,949
1701059816,482
1701059816,979
1701059876,87
1701059876,698
1701059877,845
1701059877,7
1701059877,677
1701059877,183
1701059887,733
1701059887,599
1701063487,700
1701063547,814
1701063607,802
1701063612,482
1701063672,144
1701063673,518
1701063678,537
1701063688,220
1701063689,750
1701063689,599
1701063690,631
1701063691,562
1701063691,295
1701063692,381
1701063694,504
1701063704,189
1701063705,976
1701063705,516
1701063710,531
1701063711,636
1701063711,393
1701063716,89
1701063716,17
1701063717,605
1701063777,235
1701063779,759
1701063784,618
1701067384,688
1701067394,370
1701070994,867
1701071004,275
1701071004,880
1701074604,561
1701074604,438
1701074609,993
1701074614,762
1701074614,401
1701074624,635
1701074625,305
1701074625,27
1701074625,181
1701074625,174
1701074685,529
1701074685,299
1701074685,666
1701074690,6
1701074700,1000
1701074700,930
1701074705,79
1701078305,804
1701078310,995
1701078310,875
1701078311,378
1701078316,292
1701078316,628
1701078326,482
1701078336,3
1701078396,613
1701078398,331
1701078398,977
1701078458,699
1701078459,349
1701078469,527
1701078529,47
1701082129,243
1701082134,352
1701082135,505
1701082135,453
1701082135,213
1701082140,236
1701082142,358
1701082202,909
1701082203,477
1701082263,653
1701082268,650
1701082268,242
1701082328,1000
1701085928,559
1701085929,369
1701085930,444
1701085932,508
1701089532,262
1701089592,880
1701089652,270
1701089654,891
1701089659,403
1701089661,432
1701089721,147
1701089731,936
1701089741,445
1701089751,239
1701089751,760
1701089751,94
1701089752,126
1701089752,539
1701089752,894
1701089753,992
1701089753,807
1701089753,948
1701089758,107
1701089763,20
1701089763,334
1701089763,700
1701089763,400
1701089764,485
1701089769,840
1701089829,663
1701089829,604
1701089829,932
1701089829,689
1701089889,245
1701089894,381
1701089895,491
1701089895,424
1701089897,494
1701089897,205
1701089897,503
1701089902,279
1701089902,601
1701089902,93
1701089962,247
1701089962,191
1701089963,517
1701089965,704
1701089965,232
1701089965,705
1701090025,269
1701090025,341
1701090025,493
1701090030,200
1701090040,641
1701090040,257
1701090040,760
1701093640,105
1701093640,112
1701093640,44
1701093650,30
1701093650,914
1701093651,814
1701093711,457
1701093712,150
1701093717,695
1701093727,636
1701093727,455
1701093737,203
1701093739,804
1701093749,254
1701093749,798
1701093749,879
1701093749,84
1701093759,228
1701093759,639
1701093769,259
1701093770,7
1701093771,443
1701097371,463
1701097372,787
1701097372,504
1701097374,270
1701097374,414
1701100974,790
1701100975,704
1701100977,324
1701100977,537
1701100978,865
1701100980,224
1701100981,6
1701100986,307
1701100996,848
1701100996,469
1701101056,259
1701101058,18
1701101058,327
1701101118,533
1701101120,731
1701104720,554
1701104722,532
1701104723,564
1701104723,503
1701104728,619
1701104729,773
1701104730,439
1701104790,491
1701104790,756
1701104791,159
1701104851,644
1701104851,404
1701104851,865
1701104851,767
1701104851,139
1701104861,987
1701104862,376
1701104862,783
1701104867,678
1701104867,46
1701104877,785
1701104882,69
1701104887,238
1701104887,797
1701104897,785
1701104897,477
1701104907,17
1701104967,618
1701104967,537
1701104977,189
1701104977,69
1701104977,294
1701104987,807
1701105047,506
1701105052,427
1701108652,651
1701108712,592
1701112312,490
1701112314,472
1701112324,374
1701112324,85
1701112334,540
1701112334,599
1701112334,71
1701115934,294
1701115934,651
1701115994,154
1701116004,446
1701116064,361
1701116066,922
1701116066,176
1701116067,923
1701116067,907
1701116067,326
1701116072,321
1701116082,458
1701116082,439
1701116142,647
1701116142,786
1701116152,828
1701116212,995
1701116214,459
1701119814,457
1701119824,667
1701119825,321
1701119825,849
1701119826,427
1701119826,570
1701119836,439
1701119837,287
1701119837,829
1701119838,668
1701119843,551
1701119843,76
1701119843,810
1701123443,286
1701123443,670
1701123443,70
1701123444,355
1701127044,689
1701127054,843
1701127114,853
1701127114,923
1701127124,925
1701127124,773
1701127126,230
1701127131,341
1701127132,679
1701130732,952
1701130732,462
1701130733,785
1701130733,594
1701130793,600
1701134393,730
1701134453,429
1701134458,959
1701134460,739
1701134460,582
1701134520,894
1701134520,534
1701134521,767
1701134531,65
1701134591,888
1701134592,695
1701134597,47
1701134598,478
1701134598,210
1701134608,643
1701134608,875
1701134668,564
1701134669,261
1701134729,481
1701134729,477
1701134729,360
1701134739,594
1701134741,152
1701134742,195
1701134742,398
1701134742,655
1701134752,465
1701134754,840
1701134754,623
1701134755,674
1701134756,293
1701138356,920
1701138357,761
1701138357,200
1701138359,699
1701138361,182
1701138361,749
1701138361,159
1701138362,394
1701138363,387
1701138363,342
1701138364,370
1701138364,164
1701138364,409
1701141964,95
1701141965,814
1701141966,270
1701141966,438
1701141966,900
1701141966,722
1701141971,861
1701141972,935
1701141974,952
1701141979,423
1701141979,607
1701141984,70
1701141984,373
1701142044,335
1701142046,637
1701142047,7
1701142052,76
1701142054,10
1701142059,742
1701142059,647
1701142059,151
1701145659,326
1701145659,703
1701145719,159
1701145721,590
1701145726,248
1701145727,540
1701145728,872
1701145729,356
1701145730,248
1701145730,547
1701149330,673
1701149330,843
1701149331,648
1701149336,842
1701152936,865
1701152936,637
1701152936,642
1701152936,385
1701152937,238
1701152937,429
1701152938,712
1701152938,381
1701152938,694
1701152948,773
1701152948,689
1701152948,944
1701152953,81
1701152963,143
1701156563,502
1701156563,304
1701156565,803
1701156575,518
1701156585,316
1701156586,288
1701156586,705
1701156586,398
1701156586,846
1701156586,670
1701156588,540
1701156598,893
1701156598,728
1701156598,466
1701156599,446
1701156609,138
1701156610,615
1701156610,488
1701156610,175
1701160210,467
1701160215,694
1701160225,43
1701160225,301
1701160285,115
1701160287,490
1701160288,293
1701160288,800
1701160289,533
1701160290,346
1701160292,478
1701160292,374
1701160292,718
1701160292,395
1701160293,557
1701160293,552
1701163893,899
1701163893,591
1701163895,814
1701163955,642
1701163957,99
1701167557,924
1701167558,460
1701171158,691
1701171158,843
1701171163,501
1701171165,238
1701171175,857
1701171175,721
1701171175,758
1701171235,170
1701171240,992
1701171300,338
1701171310,789
1701171320,991
1701171322,389
1701171324,773
1701171329,26
1701171334,173
1701171335,921
1701171345,717
1701171345,881
1701171345,519
1701171405,708
1701171410,81
1701175010,46
1701175070,803
1701175075,294
1701175085,49
1701175087,917
1701175087,323
1701175087,934
1701175092,528
1701175092,864
1701175152,727
1701175154,666
1701175154,484
1701175154,186
1701175164,176
1701175169,215
1701175169,468
1701175170,505
1701175170,892
1701175170,324
1701175170,925
1701178770,61
1701182370,216
1701182371,747
1701185971,433
1701185976,146
1701185976,664
1701185986,477
1701185987,980
1701185987,290
1701185987,765
1701189587,614
1701189587,119
1701189587,762
1701189588,179
1701189588,816
1701193188,636
1701193188,651
1701193188,373
1701193248,113
1701196848,39
1701196850,423
1701196850,873
1701200450,644
1701200450,264
1701200450,787
1701200452,718
1701200452,399
1701200457,10
1701200457,959
1701200458,979
1701200458,756
1701200458,384
1701200458,780
1701200463,274
1701200463,78
1701200468,874
1701200468,993
1701200469,930
1701200469,579
1701200469,588
1701204069,578
1701204074,514
1701204079,1000
1701204079,472
1701204081,456
1701204081,652
1701204082,601
1701204087,963
1701204087,278
1701204092,917
1701204097,899
1701204098,790
1701204098,304
1701204158,473
1701204218,950
1701207818,571
1701207828,777
1701207828,172
1701211428,727
1701211433,979
1701211433,872
1701211434,994
1701211435,937
1701211436,565
1701211436,328
1701211436,948
1701215036,771
1701215036,805
1701215036,663
1701215037,979
1701215042,24
1701215043,488
1701215043,645
1701215043,367
1701215048,446
1701215048,219
1701215048,662
1701215108,628
1701215168,553
1701215178,72
1701215183,574
1701215188,535
1701215188,311
1701215188,228
1701215198,159
1701215258,494
1701215259,375
1701215264,599
1701218864,282
1701218864,621
1701218866,264
1701218867,763
1701218867,962
1701218927,517
1701218929,818
1701222529,543
1701222589,933
1701222590,811
1701222591,367
1701222591,272
1701222592,641
1701222592,131
1701222592,940
1701222592,689
1701226192,974
1701226194,779
1701226204,825
1701226214,503
1701226215,383
1701226216,53
1701226216,113
1701226218,892
1701226219,305
1701226279,8
1701226281,314
1701226283,571
1701226283,463
1701226283,305
1701226288,58
1701229888,291
1701229888,973
1701229889,97
1701233489,632
1701233489,644
1701233489,753
1701233489,476
1701233489,964
1701237089,937
1701237099,365
1701237099,298
1701237099,519
1701237099,801
1701237099,649
1701237104,579
1701237104,611
1701237104,599
1701237104,401
1701237106,409
1701237107,738
1701237167,49
1701237169,777
1701237169,122
1701237169,105
1701237174,944
1701237176,224
1701237176,609
1701237236,598
1701237236,408
1701237236,358
1701237236,572
1701237237,12
1701237297,490
1701237297,87
1701237299,641
1701237300,59
1701237360,635
1701237365,201
1701237367,469
1701237367,14
1701237377,365
1701237377,323
1701237377,407
1701237387,717
1701237397,599
1701237397,506
1701237457,794
1701237458,402
1701237458,492
1701237518,459
1701237518,177
1701237520,297
1701241120,37
1701241120,659
1701241122,226
1701241124,972
1701241124,652
1701241129,186
1701241189,191
1701241194,182
1701241204,260
1701244804,645
1701244804,587
1701244804,1
1701244864,196
1701244864,612
1701244864,555
1701244864,889
1701244865,825
1701244865,809
1701244866,697
1701244926,574
1701244986,518
1701248586,272
1701248596,965
1701248596,409
1701248596,497
1701248596,260
1701248596,291
1701248656,478
1701248656,662
1701248656,982
1701248657,149
1701248662,989
1701248672,638
1701248732,5
1701248734,392
1701248736,369
1701248736,316
1701248736,857
1701248736,491
1701248736,5
1701248741,624
1701248746,326
1701248746,750
1701248751,907
1701248751,511
1701248756,361
1701248757,796
1701248757,360
1701248757,758
1701248757,359
1701248757,833
1701248759,437
1701248759,299
1701248759,257
1701248764,509
1701248764,612
1701248774,930
1701248774,743
1701248775,709
1701248780,758
1701248780,707
1701248785,940
1701248845,830
1701252445,948
1701252455,467
1701252465,375
1701252475,307
1701252475,194
1701252475,513
1701252535,319
1701252535,731
1701252536,651
1701252541,2
1701252542,213
1701252542,634
1701252544,509
1701256144,738
1701256149,354
1701256149,953
1701256151,996
1701256152,94
1701256162,630
1701256167,628
1701256227,165
1701256237,642
1701256247,268
1701256249,266
1701259849,483
1701259849,217
1701259849,237
1701259851,838
1701259911,946
1701259911,608
1701259916,919
1701259916,739
1701259916,600
1701263516,945
1701267116,93
1701267116,988
1701267116,298
1701267116,629
1701267116,771
1701267121,300
1701267131,313
1701267132,927
1701267132,810
1701267132,999
1701267142,96
1701270742,312
1701270743,979
1701270753,742
1701270754,307
1701270754,975
1701270754,292
1701270755,695
1701270815,625
1701270816,378
1701270816,61
1701270816,395
1701274416,472
1701274416,126
1701274426,34
1701274427,369
1701274427,547
1701278027,830
1701278027,24
1701278037,792
1701278097,753
1701278098,151
1701278103,931
1701278113,62
1701278123,84
1701281723,960
1701281723,558
1701281723,471
1701281723,807
1701281723,577
1701281724,675
1701281734,53
1701281794,204
1701281794,599
1701281795,741
1701281795,898
1701281795,62
1701281796,186
1701281798,948
1701281799,588
1701281799,599
1701281799,8
1701285399,69
1701288999,618
1701288999,526
1701289059,715
1701289060,192
1701289120,873
1701289180,862
1701289180,978
1701292780,140
1701292780,448
1701292780,87
1701292790,981
1701292790,15
1701292791,661
1701292791,429
1701292851,129
1701292851,274
1701292851,532
1701292856,58
1701292856,790
1701292856,635
1701292858,131
1701292858,543
1701292868,95
1701292868,288
1701292873,537
1701292883,457
1701296483,872
1701296485,343
1701296486,514
1701296486,245
1701296487,42
1701296487,29
1701296487,357
1701296489,493
1701300089,448
1701300149,833
1701300149,482
1701300149,595
1701300150,849
1701300152,457
1701300153,86
1701300158,215
1701300159,110
1701300160,28
1701300161,28
1701300161,352
1701300221,392
1701300221,223
1701300221,875
1701300222,695
1701300222,777
1701300222,702
1701300222,136
1701300222,192
1701300222,320
1701300282,520
1701300284,853
1701300284,854
1701300284,17
1701300284,27
1701300285,187
1701300287,334
1701300287,329
1701300288,626
1701300288,14
1701300348,215
1701300350,326
1701300350,179
1701300410,868
1701300411,115
1701300412,450
1701300413,225
1701300413,98
1701300413,731
1701300414,754
1701300415,68
1701300475,650
1701300475,540
1701300475,413
1701300485,112
1701300490,285
1701300490,644
1701300500,247
1701300500,15
1701300560,93
1701300560,913
1701300560,673
1701304160,758
1701304161,677
1701307761,23
1701311361,305
1701311362,790
1701311372,510
1701311377,90
1701311387,930
1701311387,403
1701311447,872
1701311447,179
1701311448,745
1701311449,748
1701311449,805
1701311451,649
1701311451,741
1701311453,837
1701311458,135
1701311458,996
1701311459,783
1701311460,914
1701311460,416
1701311462,984
1701311522,637
1701311522,514
1701311524,845
1701311534,345
1701311536,450
1701311537,707
1701311547,81
1701311548,557
1701311548,364
1701311608,904
1701311608,133
1701311613,903
1701315213,981
1701315214,509
1701315219,737
1701315279,591
1701315281,704
1701315282,379
1701315283,801
1701315283,968
1701315283,583
1701315283,722
1701315284,222
1701315284,21
1701315284,914
1701315285,799
1701315286,730
1701315287,586
1701315292,979
1701315292,123
1701315294,724
1701315296,474
1701315297,646
1701315297,905
1701315302,198
1701315302,417
1701315302,299
1701318902,510
1701318962,587
1701318962,873
1701318963,751
1701318965,754
1701318965,741
1701318967,62
1701318972,770
1701318972,935
1701318972,381
1701318972,249
1701318972,47
1701318982,210
1701318983,364
1701318983,649
1701318983,440
1701318983,453
1701318983,81
1701318984,626
1701318989,182
1701318999,253
1701319001,268
1701319061,56
1701319061,467
1701319062,827
1701319063,86
1701319065,729
1701319066,517
1701319066,285
1701319076,54
1701319077,692
1701319077,363
1701319137,538
1701319137,236
1701319138,169
1701319148,390
1701319208,765
1701319213,663
1701319213,398
1701319223,886
1701319224,849
1701319224,566
1701319284,237
1701319284,103
1701319284,929
1701319344,707
1701319349,789
1701319350,603
1701319410,895
1701319411,630
1701319413,86
1701319415,965
1701319475,656
1701319476,645
1701319477,910
1701319477,982
1701319478,64
1701319478,614
1701323078,962
1701326678,368
1701330278,264
1701333878,0
1701333878,210
1701333888,102
1701333888,378
1701333888,935
1701333893,666
1701337493,187
1701337494,150
1701337495,243
1701337496,613
1701341096,18
1701341096,717
1701341097,34
1701341107,384
1701341108,571
1701341168,838
1701341168,495
1701341178,638
1701341179,399
1701341180,281
1701341181,938
1701341181,873
1701341182,89
1701341187,119
1701341197,509
1701341257,684
1701341257,759
1701341259,211
1701341269,41
1701341269,817
1701341279,824
1701341279,849
1701341279,467
1701341279,43
1701341280,749
1701341285,79
1701341285,549
1701341285,31
1701341285,7
1701341285,656
1701341285,565
1701341285,3
1701341285,15
1701341285,462
1701344885,403
1701344895,864
1701344896,82
1701344906,959
1701344907,921
1701344907,993
1701344967,805
1701348567,718
1701348567,433
1701348627,952
1701348632,585
1701348632,26
1701348632,458
1701352232,891
1701352233,494
1701352238,956
1701352240,774
1701352240,783
1701352240,452
1701352240,442
1701352240,868
1701352240,12
1701352240,327
1701355840,311
1701355840,222
1701359440,673
1701359440,814
1701363040,43
1701363040,815
1701363041,883
1701363043,563
1701363045,78
1701363055,543
1701363060,757
1701363070,720
1701366670,69
1701366671,161
1701366671,964
1701366671,194
1701366671,871
1701366672,168
1701366672,673
1701366673,637
1701366673,489
1701366673,506
1701370273,968
1701370273,123
1701370275,717
1701370285,562
1701370287,937
1701370287,454
1701373887,421
1701373887,947
1701373887,327
1701373947,933
1701374007,35
1701374007,19
1701374008,740
1701377608,972
1701377608,329
1701377610,605
1701381210,423
1701381210,570
1701381215,505
1701381216,36
1701381221,166
1701381221,235
1701381221,835
1701381221,23
1701381222,22
1701381227,386
1701381227,395
1701381287,866
1701381287,879
1701381287,245
1701381347,365
1701381349,784
1701381351,675
1701384951,71
1701384951,481
1701385011,433
1701388611,470
1701388612,568
1701388617,707
1701388618,411
1701388628,485
1701388628,697
1701388630,197
1701388635,141
1701388635,278
1701388635,974
1701388637,618
1701388642,987
1701388647,715
1701388648,163
1701388650,513
1701388710,513
1701392310,862
1701395910,875
1701399510,860
1701399510,880
1701399570,212
1701399572,554
1701403172,597
1701403172,805
1701403173,28
1701403174,576
1701403179,267
1701403184,300
1701403184,879
1701403184,515
1701403185,129
1701403190,381
1701403195,85
1701403200,409
1701403200,461
1701403205,410
1701403206,545
1701403206,169
1701403207,183
1701406807,654
1701406817,910
1701406819,854
1701406824,949
1701406826,516
1701410426,256
1701410486,0
1701410486,208
1701410491,551
1701410492,857
1701410552,129
1701410557,753
1701410567,987
1701414167,759
1701417767,632
1701417768,519
1701417768,115
1701417828,747
1701417833,201
1701417835,423
1701417895,5
1701417896,0
1701417906,559
1701417916,996
1701417976,22
1701417977,475
1701417982,330
1701417992,588
1701417992,663
1701418052,474
1701418057,19
1701418058,564
1701421658,567
1701425258,275
1701428858,943
1701428858,351
1701428858,431
1701428868,728
1701428868,875
1701428928,835
1701428930,625
1701428940,691
1701428941,933
1701428941,77
1701428946,335
1701428947,567
1701428947,819
1701428957,321
1701429017,584
1701429019,354
1701429019,790
1701432619,508
1701432620,570
1701432621,431
1701432623,710
1701432633,547
1701436233,410
1701436234,911
1701436235,491
1701436240,396
1701436240,732
1701439840,99
1701439840,544
1701439850,743
1701439851,427
1701443451,102
1701443451,564
1701443452,816
1701443453,151
1701443454,464
1701443514,780
1701443515,656
1701443515,662
1701443525,779
1701443525,400
1701443527,438
1701447127,89
1701447127,9
1701447187,943
1701447187,901
1701447187,662
1701447197,229
1701447197,692
1701447257,449
1701447258,298
1701447258,81
1701447318,810
1701447328,271
1701447338,979
1701447348,181
1701447408,484
1701447410,722
1701447470,847
1701447480,481
1701447481,654
1701447482,115
1701447487,83
1701447487,463
1701447487,697
1701447487,240
1701447547,296
1701447557,503
1701447562,514
1701447562,157
1701447563,257
1701451163,565
1701451164,163
1701451165,479
1701451165,841
1701454765,452
1701454766,592
1701454766,251
1701458366,958
1701458367,108
1701458427,67
1701458427,544
1701458427,332
1701458427,973
1701458432,650
1701458432,864
1701458432,499
1701458434,378
1701458434,39
1701458435,265
1701458435,371
1701458445,864
1701458447,208
1701458448,13
1701458453,899
1701458458,51
1701458458,358
1701458468,121
1701458528,945
1701458588,147
1701458588,463
1701458588,218
1701462188,965
1701462188,391
1701462189,847
1701462191,932
1701462193,177
1701462193,677
1701462253,309
1701462263,60
1701462323,133
1701462323,441
1701462323,135
1701462333,605
1701462338,874
1701462338,964
1701462343,29
1701465943,275
1701465944,600
1701465949,506
1701465950,890
1701465952,68
1701465962,398
1701465962,857
1701465962,507
1701465963,778
1701465963,423
1701465963,725
1701465973,742
1701465973,368
1701465978,864
1701465978,913
1701465978,246
1701465988,39
1701465989,511
1701465990,969
1701466000,938
1701466002,434
1701466012,104
1701466014,764
1701466014,673
1701466015,338
1701466015,473
1701466015,741
1701466016,927
1701466018,273
1701466028,121
1701466038,764
1701466039,331
1701466040,399
1701466050,771
1701466050,949
1701469650,577
1701469650,486
1701469710,467
1701469770,136
1701469772,480
1701469772,319
1701469773,17
1701469833,109
1701469833,246
1701469834,755
1701469834,362
1701469894,904
1701469895,166
1701469895,234
1701469955,752
1701469965,305
1701473565,316
1701473575,923
1701477175,647
1701477180,705
1701477240,695
1701477240,485
1701477300,286
1701477300,651
1701477301,281
1701477302,771
1701477303,789
1701480903,663
1701480903,137
1701480963,721
1701480963,899
1701480963,140
1701480963,751
1701481023,931
1701481023,563
1701481024,518
1701481026,258
1701481086,785
1701481091,611
1701481096,866
1701481097,787
1701481107,524
1701481108,102
1701481109,793
1701484709,655
1701488309,72
1701488309,533
1701488311,4
1701488371,445
1701488372,123
1701488373,494
1701488373,265
1701488375,908
1701488385,890
1701488395,344
1701488397,569
1701488397,576
1701488407,811
1701488408,498
1701488413,17
1701488414,897
1701488419,917
1701488420,780
1701488420,269
1701488421,691
1701488421,816
1701492021,393
1701492021,606
1701492022,324
1701492023,659
1701492033,781
1701492034,295
1701492034,311
1701492039,943
1701492049,42
1701492049,57
1701492049,704
1701492049,269
1701495649,795
1701495650,525
1701495660,123
1701495661,538
1701495671,335
1701499271,224
1701499271,262
1701499281,583
1701499281,580
1701499281,895
1701499281,491
1701499341,885
1701499351,418
1701499351,415
1701502951,992
1701502961,593
1701502971,626
1701503031,435
1701503041,784
1701506641,73
1701506642,21
1701506644,749
1701506644,737
1701506644,843
1701510244,994
1701510244,776
1701510245,153
1701510245,412
1701510245,577
1701510245,740
1701513845,441
1701513845,908
1701513855,219
1701513855,824
1701513856,548
1701513861,13
1701513863,10
1701513923,908
1701513923,735
1701513923,2
1701513983,960
1701513993,270
1701513993,666
1701513993,781
1701513993,572
1701513993,733
1701513993,699
1701513993,817
1701513995,876
1701513996,418
1701513996,601
1701517596,639
1701517597,517
1701517597,373
1701517598,848
1701517603,182
1701517608,559
1701517608,456
1701517668,125
1701517668,934
1701517668,350
1701517678,626
1701517738,61
1701517739,973
1701517739,808
1701521339,794
1701521339,320
1701524939,171
1701524944,519
1701524949,473
1701524949,206
1701524949,136
1701525009,391
1701525069,756
1701525071,566
1701525081,776
1701525082,816
1701528682,529
1701528684,894
1701528685,433
1701528687,272
1701528687,904
1701528687,616
1701528687,421
1701528687,833
1701528689,388
1701528689,903
1701532289,43
1701532294,97
1701535894,850
1701535894,366
1701535895,251
1701535895,625
1701535896,364
1701535896,692
1701535896,889
1701539496,522
1701543096,102
1701543097,469
1701543099,350
1701543109,802
1701543110,993
1701543112,751
1701543113,207
1701543115,269
1701543120,288
1701543130,514
1701543131,425
1701543131,668
1701543133,170
1701543138,93
1701543198,738
1701543199,485
1701543201,766
1701543201,801
1701546801,133
1701546803,417
1701546813,712
1701546813,513
1701546813,788
1701546814,495
1701546815,123
1701546815,535
1701546817,771
1701546877,168
1701546882,104
1701546882,331
1701546942,359
1701546943,588
1701547003,587
1701550603,294
1701550603,916
1701550605,793
1701550605,735
1701550605,703
1701550605,935
1701550610,164
1701550610,148
1701550610,863
1701550610,829
1701550620,952
1701550622,941
1701554222,639
1701554222,513
1701554222,123
1701554227,657
1701554237,709
1701554242,251
1701554302,273
1701554302,24
1701554303,459
1701554304,385
1701554304,46
1701554304,373
1701554306,890
1701554306,414
1701554307,863
1701554308,18
1701557908,243
1701557908,842
1701557910,171
1701557911,636
1701557911,825
1701561511,665
1701561512,122
1701561513,185
1701561518,683
1701561520,54
1701561520,922
1701561521,755
1701561522,21
1701561523,957
1701561523,169
1701561523,216
1701561524,635
1701561525,759
1701561525,902
1701561535,5
1701561535,550
1701561595,136
1701561596,714
1701561597,797
1701561602,119
1701565202,753
1701565202,439
1701565262,885
1701565263,371
1701565263,162
1701568863,656
1701568864,741
1701568874,519
1701568875,537
1701572475,758
1701572485,708
1701572485,480
1701572545,973
1701572547,454
1701572607,325
1701572617,992
1701572627,520
1701572637,362
1701572637,771
1701572637,538
1701572647,414
1701572647,883
1701572707,83
1701572707,340
1701572708,304
1701572709,404
1701572709,37
1701572711,274
1701572712,611
1701572714,342
1701572714,153
1701572714,42
1701576314,567
1701576315,238
1701576317,460
1701579917,371
1701579918,496
1701579918,181
1701579918,955
1701579918,643
1701579928,982
1701579928,550
1701579928,534
1701579928,376
1701579938,78
1701579943,935
1701579943,690
1701579943,40
1701579943,846
1701579943,433
1701579953,393
1701579953,389
1701579954,133
1701579954,629
1701579955,727
1701579955,905
1701579956,517
1701579956,61
1701579956,68
1701579956,145
1701579956,107
1701579956,311
1701579957,727
1701579957,192
1701579962,368
1701579963,490
1701579963,803
1701579963,184
1701580023,513
1701580083,42
1701580088,897
1701580148,393
1701580149,522
1701583749,262
1701583759,780
1701583764,892
1701587364,201
1701587424,911
1701587426,1000
1701591026,984
1701594626,829
1701594636,699
1701594636,198
1701594636,202
1701594637,863
1701594637,446
1701594647,21
1701594648,137
1701594648,278
1701598248,943
1701601848,194
1701601848,846
1701601849,587
1701601850,390
1701601851,575
1701601852,700
1701601857,735
1701601867,212
1701601867,687
1701601868,170
1701601868,250
1701601873,156
1701601875,957
1701601875,405
1701601935,813
1701601935,951
1701601936,203
1701605536,456
1701605541,512
1701605601,33
1701605661,269
1701605663,108
1701605668,634
1701605668,25
1701605668,39
1701605668,304
1701609268,804
1701609269,606
1701609270,914
1701609271,395
1701609281,619
1701609341,135
1701609341,766
1701612941,408
1701612942,261
1701616542,956
1701616542,873
1701616542,379
1701616542,414
1701616544,549
1701616544,19
1701616545,364
1701616545,646
1701616545,31
1701616545,5
1701616555,807
1701616615,41
1701616615,577
1701616625,912
1701616625,109
1701616625,28
1701620225,952
1701620227,654
1701620227,61
1701620227,393
1701620237,867
1701620238,276
1701623838,950
1701623838,109
1701623838,906
1701623838,627
1701623839,303
1701623839,943
1701623839,830
1701623844,199
1701623844,415
1701623844,215
1701623845,698
1701623855,360
1701623855,573
1701623855,508
1701623855,575
1701623860,692
1701623860,373
1701627460,767
1701627465,134
1701627525,475
1701627585,759
1701627585,925
1701627586,830
1701631186,792
1701631187,479
1701631197,7
1701634797,956
1701634798,507
1701634803,682
1701634863,35
1701638463,409
1701638463,133
1701638463,314
1701638463,866
1701638473,2
1701642073,666
1701642074,849
1701642074,363
1701642076,390
1701642076,265
1701645676,500
1701645678,701
1701645678,108
1701645680,177
1701645680,482
1701645680,533
1701645680,78
1701649280,536
1701649340,16
1701652940,863
1701652940,792
1701652950,277
1701652951,866
1701652951,988
1701652951,672
1701652951,281
1701652951,58
1701652961,704
1701652961,275
1701652962,735
1701652962,521
1701652962,114
1701652964,446
1701652966,25
1701653026,215
1701653026,113
1701653027,210
1701653027,349
1701653037,168
1701653039,255
1701653049,939
1701653049,518
1701653109,953
1701653109,438
1701653110,236
1701653111,750
1701653111,448
1701653112,266
1701653113,146
1701653114,428
1701653114,449
1701653115,450
1701653120,361
1701653122,234
1701653122,236
1701653132,305
1701653142,277
1701653143,868
1701653143,992
1701653153,252
1701653153,661
1701653213,781
1701653213,17
1701653213,294
1701653223,855
1701653224,487
1701653224,241
1701653284,217
1701656884,184
1701656886,711
1701656887,460
1701656887,299
1701656887,447
1701656887,659
1701660487,16
1701660487,838
1701664087,672
1701667687,294
1701667687,824
1701671287,321
1701671347,383
1701671357,811
1701674957,556
1701678557,641
1701682157,59
1701682217,721
1701682217,330
1701682222,664
1701682222,660
1701682222,849
1701682222,733
1701682223,720
1701682223,477
1701682223,65
1701682223,882
1701682283,339
1701682283,455
1701682283,214
1701682283,165
1701682283,371
1701682284,357
1701682284,275
1701682284,754
1701682284,167
1701682284,473
1701682284,512
1701682284,322
1701682284,802
1701682285,224
1701682290,821
1701685890,784
1701689490,467
1701689490,912
1701689490,18
1701689500,981
1701689500,363
1701693100,154
1701693101,889
1701693103,139
1701693113,209
1701693118,64
1701693119,353
1701693119,168
1701693124,653
1701693126,279
1701693131,751
1701693191,864
1701693191,196
1701693193,801
1701693193,695
1701693193,632
1701693193,85
1701693198,909
1701693199,224
1701693209,723
1701693219,664
1701693279,754
1701693284,918
1701693285,239
1701693345,273
1701693345,935
1701693345,371
1701693346,417
1701693346,188
1701696946,343
1701696946,409
1701696947,571
1701696948,671
1701696953,737
1701696955,561
1701696957,658
1701696957,78
1701700557,184
1701700558,477
1701700558,45
1701700558,777
1701700558,374
1701700559,423
1701700559,184
1701700559,901
1701700559,401
1701700559,825
1701700564,24
1701700564,947
1701700574,614
1701700579,500
1701700589,971
1701700589,138
1701700590,991
1701700590,470
1701700595,924
1701700595,746
1701700595,566
1701700595,491
1701700596,43
1701700606,743
1701700607,865
1701700608,539
1701700608,164
1701700608,757
1701700608,449
1701700608,463
1701700608,133
1701700610,723
1701700610,398
1701700611,44
1701700612,295
1701700614,497
1701700615,466
1701700615,721
1701700625,583
1701700626,718
1701700626,300
1701700626,280
1701700631,203
1701700633,917
1701700633,507
1701700633,903
1701700633,554
1701700633,657
1701704233,439
1701704293,363
1701704293,747
1701704353,507
1701704358,296
1701704359,503
1701704361,269
1701704362,461
1701704362,668
1701704362,691
1701704422,490
1701704422,746
1701704422,501
1701704422,271
1701704422,363
1701704422,521
1701704423,539
1701704433,883
1701704433,768
1701704435,70
1701704435,112
1701704440,378
1701704450,114
1701704510,893
1701704515,307
1701704516,832
1701704526,121
1701704526,388
1701704526,63
1701704526,948
1701704526,190
1701704527,856
1701704527,714
1701704537,86
1701704542,108
1701704547,128
1701704607,376
1701704607,551
1701704609,175
1701708209,410
1701708209,376
1701708214,324
1701708214,680
1701708214,681
1701708274,666
1701708284,486
1701711884,927
1701711884,380
1701711889,793
1701711891,747
1701711892,834
1701711892,518
1701711902,635
1701711902,840
1701711902,247
1701711902,322
1701711902,325
1701711912,278
1701711913,313
1701711914,850
1701711974,45
1701711975,30
1701711976,722
1701711981,776
1701711982,882
1701711984,311
1701711994,15
1701711996,56
1701715596,65
1701715596,514
1701719196,625
1701719196,78
1701719197,72
1701719197,422
1701719207,322
1701719267,546
1701719267,552
1701719272,225
1701719282,150
1701719283,243
1701719284,311
1701719344,483
1701719404,964
1701719406,278
1701723006,233
1701723006,758
1701723007,960
1701723017,241
1701723018,305
1701723018,424
1701723018,925
1701723018,134
1701723028,45
1701723028,3
1701723028,537
1701723028,493
1701723028,577
1701723028,671
1701723029,993
1701723029,166
1701723029,709
1701723029,796
1701723030,567
1701723030,334
1701723030,0
1701723030,362
1701723031,805
1701723031,513
1701723031,563
1701723033,765
1701723033,604
1701723043,78
1701723048,334
1701723048,358
1701723053,418
1701723053,285
1701723054,730
1701723114,893
1701726714,450
1701726715,379
1701726717,784
1701726722,491
1701726782,50
1701730382,570
1701730382,938
1701733982,399
1701733983,665
1701733983,23
1701733988,227
1701733988,664
1701733989,337
1701733989,530
1701733991,398
1701734001,64
1701737601,324
1701737661,984
1701737662,222
1701737664,396
1701737664,368
1701737666,424
1701737667,211
1701737669,417
1701737669,89
1701737674,533
1701737675,571
1701737685,43
1701737745,970
1701737747,440
1701737752,885
1701737752,784
1701737757,709
1701737817,166
1701737817,276
1701737818,207
1701737818,687
1701741418,424
1701741419,702
1701745019,414
1701745029,890
1701745029,559
1701745029,35
1701745034,700
1701748634,269
1701748634,459
1701748644,553
1701748644,882
1701748646,652
1701748706,343
1701748711,741
1701748716,153
1701748776,19
1701748777,196
1701748782,559
1701748782,445
1701748783,527
1701748784,726
1701752384,856
1701752384,834
1701752394,726
1701755994,250
1701755994,48
1701755994,875
1701755994,174
1701756004,272
1701756004,928
1701756009,434
1701756009,451
1701756009,894
1701756011,368
1701756016,501
1701756017,428
1701756017,539
1701756077,724
1701756077,952
1701756077,309
1701756078,977
1701756078,307
1701756078,256
1701756078,498
1701756138,897
1701756138,408
1701759738,367
1701759738,738
1701759738,913
1701759738,96
1701763338,413
1701763338,62
1701763343,389
1701763344,677
1701763346,355
1701763346,409
1701766946,339
1701766951,178
1701766951,716
1701770551,133
1701774151,619
1701777751,455
1701777751,124
1701777761,977
1701777761,709
1701777771,57
1701777771,921
1701777831,660
1701781431,842
1701781431,790
1701781431,340
1701781432,53
1701781432,532
1701781434,587
1701781435,681
1701781445,999
1701781450,533
1701781450,451
1701781451,287
1701781461,894
1701781461,126
1701781461,349
1701781461,40
1701781461,649
1701781471,643
1701781471,954
1701781473,825
1701781473,560
1701785073,278
1701785073,278
1701785074,223
1701785074,821
1701785074,222
1701785084,567
1701785084,258
1701785144,464
1701785145,249
1701785145,198
1701785146,68
1701785147,62
1701785147,502
1701785148,496
1701788748,297
1701788748,172
1701788748,510
1701788748,30
1701788748,98
1701788749,592
1701788751,681
1701788752,686
1701788762,425
1701788772,623
1701788832,277
1701788842,209
1701788842,570
1701788842,567
1701788852,822
1701788852,58
1701788852,513
1701788862,970
1701788867,427
1701792467,482
1701792527,917
1701792532,994
1701792534,140
1701792539,240
1701792539,574
1701792549,123
1701792549,407
1701792550,455
1701792551,21
1701796151,26
1701796151,857
1701796151,278
1701799751,687
1701799752,315
1701799753,109
1701803353,547
1701806953,656
1701810553,612
1701810563,30
1701810564,814
1701810624,891
1701810625,171
1701810627,843
1701810637,999
1701810638,836
1701810638,161
1701810639,896
1701810639,842
1701810639,204
1701810639,832
1701810639,919
1701810639,991
1701810639,847
1701810639,743
1701810640,491
1701810640,850
1701810642,376
1701810644,797
1701814244,72
1701814245,422
1701814245,436
1701814245,243
1701814305,133
1701814305,576
1701814365,586
1701814375,313
1701814377,426
1701814377,625
1701814387,961
1701817987,484
1701821587,545
1701821587,278
1701821647,424
1701821707,986
1701821717,966
1701825317,92
1701825317,53
1701825377,50
1701825387,691
1701825447,503
1701825507,802
1701825508,284
1701825568,258
1701825568,689
1701825568,751
1701825628,234
1701829228,116
1701829230,664
1701829231,957
1701829236,902
1701829236,8
1701829241,159
1701829241,596
1701829241,545
1701829241,706
1701832841,867
1701832841,434
1701832841,62
1701832846,229
1701832851,963
1701832852,769
1701836452,512
1701836462,637
1701836467,933
1701836527,824
1701836532,718
1701836534,781
1701836534,662
1701836534,998
1701836534,949
1701836534,819
1701836534,907
1701836544,751
1701836549,799
1701836549,201
1701836554,10
1701836554,999
1701836559,346
1701836619,284
1701836621,178
1701836623,762
1701840223,345
1701840233,373
1701843833,506
1701843838,580
1701843840,529
1701843845,939
1701843845,991
1701843846,29
1701843846,394
1701843851,837
1701847451,275
1701847451,390
1701847511,687
1701847512,181
1701847522,478
1701847524,396
1701847524,956
1701847525,615
1701851125,483
1701851135,994
1701854735,856
1701858335,774
1701858345,410
1701858355,553
1701858356,244
1701858356,680
1701858356,634
1701858357,689
1701858362,317
1701858372,933
1701858372,292
1701858372,458
1701858372,650
1701858377,812
1701858382,917
1701858392,839
1701858392,435
1701858452,47
1701858452,477
1701858453,554
1701858453,41
1701858453,576
1701858463,993
1701858468,352
1701858469,756
1701858469,387
1701858529,146
1701858529,353
1701858530,879
1701858530,212
1701858530,360
1701858532,5
1701858533,813
1701858534,465
1701858534,274
1701858534,961
1701858536,269
1701858536,844
1701858536,264
1701858536,376
1701858536,411
1701858536,122
1701858536,852
1701858537,984
1701858538,939
1701858538,477
1701858598,414
1701858598,837
1701858600,772
1701858600,252
1701858610,860
1701858610,163
1701858615,836
1701858616,851
1701858676,881
1701858677,136
1701858687,651
1701858688,489
1701858688,229
1701858688,79
1701858690,458
1701858690,524
1701858690,675
1701858691,503
1701858691,229
1701858693,339
1701858753,749
1701858754,470
1701858754,621
1701858755,953
1701858756,655
1701858756,822
1701858756,378
1701858766,592
1701858776,861
1701858777,278
1701858837,803
1701858897,325
1701858907,179
1701858907,437
1701858909,834
1701858909,31
1701858909,192
1701858919,484
1701862519,319
1701866119,902
1701869719,978
1701869779,617
1701869789,157
1701869849,557
1701869849,287
1701869849,722
1701869859,206
1701869864,233
1701869864,638
1701869924,38
1701869924,562
1701869984,668
1701873584,996
1701873585,699
1701873586,685
1701873586,955
1701873587,868
1701873647,958
1701873652,968
1701873662,886
1701873663,847
1701873663,130
1701873664,439
1701873669,702
1701873729,347
1701873730,608
1701873790,233
1701873790,216
1701873791,107
1701873792,878
1701873852,768
1701873852,15
1701873912,579
1701873912,763
1701873912,215
1701873972,453
1701873977,92
1701877577,723
1701877577,889
1701877637,878
1701877637,620
1701877638,910
1701877638,228
1701877638,387
1701877638,197
1701877640,446
1701877640,553
1701877650,335
1701881250,134
1701881260,3
1701881261,309
1701881266,507
1701884866,596
1701888466,83
1701892066,2
1701892066,908
1701892066,435
1701892071,740
1701895671,916
1701895731,552
1701895732,226
1701895792,216
1701895792,525
1701895792,833
1701895797,237
1701895807,649
1701895809,296
1701895810,767
1701895811,398
1701895813,918
1701895818,802
1701895818,615
1701895823,87
1701895823,848
1701895828,245
1701895828,241
1701895828,799
1701895829,340
1701895830,370
1701895831,753
1701895831,96
1701895841,989
1701895842,41
1701895847,800
1701895849,592
1701895849,647
1701899449,348
1701899509,924
1701899514,482
1701899515,186
1701899515,384
1701903115,149
1701903115,907
1701903115,268
1701903115,431
1701903117,537
1701903118,471
1701903118,510
1701903119,168
1701903119,384
1701903124,900
1701903124,912
1701903129,526
1701906729,938
1701906729,999
1701906729,9
1701906789,778
1701906790,280
1701906791,342
1701906791,822
1701906851,684
1701906911,123
1701906971,750
1701906981,136
1701906991,165
1701906996,29
1701906997,548
1701906998,661
1701907000,506
1701907000,91
1701907000,654
1701907010,45
1701907020,482
1701907020,216
1701907020,401
1701907020,705
1701907020,555
1701907022,550
1701907022,296
1701907023,739
1701907024,104
1701907025,866
1701907085,421
1701907145,217
1701907146,791
1701907148,853
1701907149,641
1701907149,311
1701907149,789
1701907151,506
1701907151,445
1701907151,603
1701907152,91
1701907152,155
1701907212,646
1701907222,326
1701910822,298
1701910824,457
1701910824,803
1701910824,872
1701910884,287
1701910884,967
1701910885,207
1701910895,95
1701910905,79
1701910915,389
1701910920,566
1701910930,257
1701910930,445
1701910931,691
1701910931,260
1701910932,377
1701910937,159
1701910938,940
1701910948,871
1701910948,929
1701910949,910
1701910954,500
1701910955,359
1701910955,424
1701910965,299
1701910965,390
1701910966,3
1701910976,161
1701910977,576
1701910978,522
1701910979,918
1701911039,21
1701911040,880
1701914640,555
1701914642,821
1701914642,792
1701914643,126
1701914643,276
1701914643,684
1701918243,247
1701918248,548
1701918248,543
1701918248,137
1701918248,674
1701918258,565
1701918259,348
1701918259,495
1701918259,66
1701921859,356
1701921859,700
1701921859,223
1701921861,985
1701925461,458
1701925463,246
1701929063,754
1701929063,60
1701929064,581
1701929074,604
1701929084,990
1701929089,615
1701929091,268
1701929091,141
1701929092,566
1701929093,169
1701929093,359
1701929095,981
1701929095,187
1701932695,209
1701936295,685
1701936300,515
1701936301,793
1701936303,374
1701936303,940
1701936303,769
1701936304,780
1701936309,655
1701936314,296
1701936374,36
1701936374,272
1701939974,843
1701939979,420
1701939981,275
1701939981,258
1701939981,622
1701939981,951
1701939981,651
1701939982,343
1701939983,760
1701939984,556
1701939984,861
1701939985,133
1701939985,513
1701939990,248
1701940050,252
1701940050,282
1701940050,146
1701940052,844
1701943652,16
1701943662,429
1701943663,131
1701943664,278
1701943664,790
1701943674,857
1701943674,173
1701943674,861
1701943674,44
1701947274,91
1701947284,159
1701947286,983
1701947346,962
1701947346,60
1701947347,861
1701947347,38
1701947348,868
1701947408,201
1701947409,148
1701947409,823
1701947409,714
1701947409,198
1701947409,135
1701947409,984
1701947409,819
1701947410,514
1701947411,185
1701947413,192
1701947423,608
1701947423,770
1701947423,159
1701947423,272
1701947424,135
1701947424,363
1701951024,996
1701951025,483
1701951027,567
1701951029,420
1701951029,942
1701951039,283
1701951099,592
1701951159,978
1701951160,864
1701951170,770
1701954770,453
1701954770,754
1701954772,256
1701958372,724
1701958372,198
1701958374,588
1701958434,581
1701958434,320
1701958435,718
1701958436,794
1701958436,325
1701958436,347
1701958446,597
1701958446,457
1701958451,630
1701958511,370
1701958512,146
1701958514,217
1701958514,207
1701958524,320
1701958524,247
1701958524,902
1701958529,196
1701958539,289
1701958599,81
1701958599,721
1701958599,357
1701958600,967
1701958600,344
1701958601,160
1701958606,875
1701958607,460
1701958608,168
1701958608,336
1701958618,382
1701958618,378
1701958628,9
1701958688,149
1701958689,374
1701958749,284
1701958750,97
1701958755,398
1701958765,775
1701958766,80
1701958766,623
1701958767,369
1701962367,742
1701965967,898
1701965977,287
1701965977,999
1701965978,514
1701965978,119
1701966038,21
1701966043,480
1701966043,153
1701966043,462
1701966044,656
1701966045,149
1701966046,77
1701966047,99
1701966049,983
1701966049,16
1701966050,371
1701966060,692
1701966120,341
1701966122,543
1701966122,790
1701966127,212
1701966127,721
1701966127,173
1701966127,774
1701966129,796
1701966130,354
1701966135,141
1701966145,369
1701966145,537
1701966146,896
1701966148,721
1701969748,482
1701969753,583
1701969753,752
1701969754,735
1701969814,777
1701969814,125
1701973414,995
1701973414,764
1701973414,182
1701973424,563
1701973424,14
1701973426,663
1701973427,251
1701973437,616
1701973438,580
1701973448,591
1701973458,878
1701973458,143
1701977058,505
1701977068,399
1701977078,787
1701977078,280
1701977078,517
1701977138,997
1701977143,193
1701980743,905
1701980743,787
1701980744,631
1701980754,953
1701980754,12
1701980759,714
1701980760,151
1701980761,807
1701980762,208
1701980762,905
1701980767,881
1701980767,628
1701980768,179
1701980768,211
1701980768,886
1701980768,768
1701980770,176
1701980771,355
1701980771,505
1701980771,56
1701980773,208
1701980773,769
1701980774,649
1701980774,433
1701980774,508
1701980779,134
1701980779,832
1701984379,443
1701984389,721
1701984394,87
1701984394,954
1701984394,19
1701987994,85
1701988004,781
1701991604,788
1701991604,435
1701991606,704
1701991607,808
1701995207,954
1701995212,763
1701995217,964
1701998817,613
1701998818,760
1701998820,857
1701998820,523
1701998822,48
1701998823,411
1701998825,566
1701998885,906
1701998885,88
1702002485,840
1702002485,690
1702002486,689
1702002487,777
1702002487,233
1702002487,962
1702006087,973
1702006089,606
1702006149,560
1702006150,456
1702006152,562
1702006152,338
1702006153,180
1702006158,599
1702006158,812
1702006158,929
1702006218,164
1702006218,794
1702006228,852
1702006228,991
1702006238,773
1702006239,385
1702006240,330
1702006240,446
1702006240,79
1702006240,684
1702006242,502
1702006242,989
1702006243,214
1702006243,285
1702006253,961
1702006253,485
1702006254,934
1702006259,804
1702006269,604
1702006269,442
1702009869,851
1702009869,949
1702009929,938
1702009929,54
1702009939,729
1702009940,744
1702013540,674
1702013545,212
1702013545,953
1702017145,813
1702017145,977
1702017155,554
1702017155,91
1702017155,635
1702020755,106
1702020755,60
1702020755,740
1702020815,809
1702020875,229
1702020885,27
1702020886,769
1702020886,122
1702020891,824
1702020891,137
1702020896,420
1702020896,634
1702020956,494
1702021016,552
1702021017,215
1702021018,63
1702021018,452
1702021028,146
1702021028,299
1702021028,451
1702024628,388
1702028228,794
1702031828,456
1702031838,692
1702031839,280
1702031844,441
1702031844,211
1702031844,647
1702031844,397
1702031849,471
1702031850,134
1702031850,718
1702031910,164
1702031911,619
1702031911,8
1702031971,638
1702032031,561
1702032031,848
1702032031,963
1702032041,781
1702035641,613
1702035641,576
1702035651,334
1702035651,561
1702035652,417
1702035653,833
1702035654,606
1702035655,726
1702035655,106
1702039255,569
1702039256,446
1702039266,822
1702039267,742
1702039327,951
1702039327,932
1702039327,771
1702042927,584
1702042927,373
1702042927,890
1702042927,165
1702042927,511
1702042928,900
1702042928,146
1702042933,4
1702042933,109
1702046533,886
1702046533,330
1702046533,583
1702046535,368
1702046595,430
1702046655,650
1702046655,963
1702046655,394
1702046657,635
1702046659,642
1702046660,224
1702046660,307
1702046660,894
1702046670,421
1702046730,550
1702046790,549
1702046792,631
1702046852,485
1702046852,658
1702046862,543
1702046863,736
1702046863,76
1702046863,430
1702046864,586
1702046866,868
1702046866,166
1702046867,108
1702046868,697
1702046928,460
1702046929,377
1702046929,291
1702046989,947
1702046989,723
1702050589,877
1702050589,848
1702050589,156
1702054189,587
1702054189,216
1702057789,503
1702057789,195
1702057790,582
1702057790,165
1702057850,721
1702057860,942
1702057870,84
1702057875,589
1702057875,992
1702061475,792
1702061480,735
1702061490,358
1702061490,357
1702061490,627
1702061490,35
1702065090,390
1702065090,268
1702068690,199
1702068690,442
1702072290,290
1702072290,775
1702075890,253
1702075891,265
1702075893,758
1702075894,729
1702075895,119
1702075895,143
1702075955,52
1702075956,684
1702075957,669
1702076017,170
1702076019,289
1702076079,872
1702076079,1000
1702079679,530
1702079680,136
1702079685,944
1702079695,464
1702079755,748
1702079815,933
1702079815,680
1702079820,499
1702079820,6
1702079825,31
1702079827,625
1702083427,539
1702083432,276
1702083432,532
1702083432,357
1702083492,344
1702083492,255
1702083497,131
1702083497,495
1702083497,229
1702083498,935
1702083499,316
1702083499,495
1702083509,230
1702083509,635
1702083509,478
1702087109,323
1702090709,366
1702090711,100
1702090771,641
1702090831,73
1702090831,684
1702090841,399
1702090842,32
1702094442,371
1702094447,66
1702098047,935
1702098047,896
1702098047,817
1702098047,945
1702098048,510
1702098048,727
1702098050,266
1702098051,695
1702098052,111
1702101652,768
1702105252,827
1702105257,471
1702105257,664
1702105317,892
1702105318,433
1702105319,807
1702105324,583
1702105334,804
1702105334,867
1702105334,151
1702105336,193
1702105336,600
1702105341,355
1702105343,304
1702105343,194
1702105348,586
1702105348,418
1702105348,804
1702105349,431
1702105409,635
1702105409,989
1702105409,416
1702105419,122
1702105420,397
1702105425,132
1702105425,64
1702109025,934
1702109025,659
1702109030,617
1702109030,196
1702109035,152
1702109037,455
1702109037,699
1702109042,508
1702109052,648
1702109052,436
1702109052,245
1702109054,398
1702109054,824
1702112654,969
1702112714,376
1702112719,72
1702112729,500
1702116329,121
1702116330,222
1702116331,474
1702116331,64
1702116333,848
1702119933,310
1702119933,356
1702123533,53
1702123538,443
1702123543,372
1702123545,761
1702123545,701
1702123547,989
1702123607,392
1702123608,612
1702123608,574
1702123618,430
1702123619,891
1702127219,820
1702127219,150
1702130819,666
1702134419,623
1702134419,149
1702134479,667
1702134479,649
1702134481,560
1702134482,514
1702134483,125
1702134485,647
1702134495,94
1702134495,910
1702134505,856
1702134505,489
1702134565,36
1702134625,495
1702134625,833
1702134626,965
1702138226,762
1702138226,466
1702138231,423
1702138231,115
1702138232,889
1702138237,203
1702138237,83
1702138242,265
1702138243,589
1702138243,602
1702138245,446
1702138246,128
1702138256,273
1702138256,187
1702138316,93
1702138317,692
1702138377,169
1702138377,940
1702138378,398
1702138379,624
1702138379,882
1702138380,947
1702138381,769
1702138381,436
1702138386,249
1702138386,567
1702138387,801
1702138388,879
1702138448,645
1702138448,781
1702138449,440
1702142049,582
1702142050,14
1702145650,535
1702145651,898
1702145653,509
1702145663,924
1702145665,395
1702145666,860
1702145666,52
1702145668,617
1702145669,627
1702145669,742
1702145670,125
1702145670,799
1702145672,317
1702145672,907
1702145677,672
1702145678,331
1702145738,287
1702145798,593
1702145798,287
1702145798,226
1702145798,580
1702145798,586
1702145798,902
1702145799,832
1702145799,472
1702145859,505
1702145860,806
1702145920,254
1702145920,679
1702145922,791
1702145922,920
1702149522,982
1702149522,651
1702149522,55
1702149524,809
1702149524,312
1702153124,158
1702156724,205
1702156725,732
1702156730,50
1702156731,148
1702156732,948
1702156734,221
1702160334,595
1702160344,466
1702163944,438
1702163946,232
1702163946,512
1702163947,532
1702163947,490
1702163947,650
1702163948,250
1702163948,571
1702163958,285
1702163960,999
1702163961,68
1702163962,836
1702163962,200
1702163963,783
1702163963,576
1702163973,983
1702163975,552
1702163980,45
1702167580,359
1702171180,621
1702171190,970
1702171192,610
1702171192,369
1702171202,197
1702171204,212
1702171204,838
1702171214,116
1702171274,297
1702171274,528
1702171276,538
1702171276,193
1702171276,880
1702171276,217
1702171286,135
1702171287,568
1702171287,75
1702171292,968
1702171293,497
1702171294,246
1702171294,774
1702171299,58
1702171309,180
1702171309,717
1702174909,525
1702174909,840
1702174911,891
1702174971,449
1702174971,355
1702178571,459
1702178573,103
1702178578,562
1702178578,103
1702178578,906
1702178578,904
1702182178,271
1702182238,272
1702182298,209
1702182298,234
1702182298,947
1702182300,354
1702182300,377
1702182300,217
1702182302,195
1702182304,976
1702182364,23
1702182364,949
1702182366,306
1702182371,528
1702182381,644
1702182381,214
1702182382,531
1702185982,557
1702185982,892
1702185983,676
1702185993,121
1702185994,216
1702185994,332
1702186004,469
1702186005,542
1702186005,214
1702186005,398
1702186015,414
1702186016,325
1702186021,733
1702186021,360
1702186023,856
1702189623,412
1702189633,959
1702189633,949
1702189693,229
1702189693,564
1702189693,892
1702189693,234
1702189695,888
1702189696,840
1702189756,386
1702189758,868
1702189758,531
1702189818,756
1702189878,984
1702189879,220
1702189879,428
1702189889,541
1702189894,230
1702193494,748
1702193504,723
1702193504,40
1702193504,284
1702193504,139
1702193509,740
1702193510,430
1702193520,824
1702193522,309
1702193532,388
1702193532,883
1702193532,253
1702193537,736
1702193537,189
1702193538,413
1702193539,255
1702193539,32
1702193540,825
1702193541,698
1702193542,216
1702193543,288
1702193603,741
1702193663,125
1702197263,517
1702200863,117
1702200863,856
1702200863,775
1702200864,250
1702200864,59
1702200864,616
1702200869,43
1702200929,150
1702200989,108
1702204589,628
1702204594,167
1702204599,876
1702204604,975
1702204604,74
1702204605,426
1702204610,71
1702204612,758
1702204672,309
1702204674,111
1702204674,815
1702204675,17
1702204675,832
1702204675,104
1702204676,295
1702204676,434
1702204676,931
1702204686,135
1702204696,230
1702204696,499
1702204696,739
1702204756,821
1702204757,877
1702204758,257
1702204768,536
1702204769,459
1702204829,737
1702204834,175
1702204839,231
1702204840,416
1702204845,987
1702204845,321
1702204845,301
1702204845,206
1702204905,892
1702204965,13
1702204965,123
1702204965,115
1702204965,773
1702204970,535
1702204975,706
1702204975,239
1702208575,164
1702208577,399
1702208582,492
1702208592,686
1702208592,740
1702208592,722
1702208652,32
1702208653,368
1702208713,684
1702208773,907
1702208773,264
1702208833,207
1702212433,139
1702212434,894
1702212439,525
1702212439,869
1702216039,707
1702216041,530
1702216041,95
1702216041,642
1702216041,297
1702216101,841
1702216111,89
1702216171,821
1702216173,620
1702216174,13
1702216175,405
1702216176,44
1702216186,970
1702216187,998
1702216247,875
1702216247,134
1702216247,657
1702216249,940
1702216251,642
1702216251,966
1702216251,99
1702216311,200
1702216371,515
1702216431,743
1702216436,814
1702216496,854
1702216497,208
1702216499,368
1702216559,52
1702220159,581
1702220159,32
1702220164,249
1702223764,365
1702223764,886
1702223824,269
1702223825,592
1702223885,116
1702223886,946
1702223887,711
1702227487,900
1702227489,456
1702227489,276
1702227489,185
1702227491,884
1702227493,585
1702227495,659
1702227496,29
1702227498,286
1702227498,645
1702227498,257
1702227508,672
1702227508,229
1702227513,382
1702227513,719
1702227513,886
1702227523,946
1702231123,113
1702231183,955
1702231183,901
1702231185,27
1702231185,634
1702231187,157
1702231187,31
1702231187,306
1702231187,508
1702231197,346
1702231197,329
1702231202,724
1702231203,835
1702231203,61
1702231205,311
1702231205,981
1702231206,875
1702231206,414
1702231216,694
1702231216,537
1702231276,219
1702231276,50
1702231281,551
1702231282,599
1702234882,307
1702234882,56
1702234942,827
1702234942,764
1702234942,6
1702234943,209
1702234944,903
1702234944,276
1702234944,406
1702234944,213
1702234944,748
1702234944,421
1702234949,847
1702234951,370
1702238551,231
1702238561,923
1702238561,937
1702238562,833
1702238562,913
1702238562,645
1702238563,695
1702238563,634
1702238623,976
1702238623,607
1702238633,133
1702238693,667
1702238694,899
1702238704,629
1702238705,302
1702238705,150
1702238710,525
1702238710,653
1702238711,933
1702238721,592
1702238781,405
1702242381,803
1702242383,313
1702242384,593
1702242384,275
1702242394,757
1702242454,417
1702242454,660
1702246054,838
1702246114,1
1702246114,859
1702246116,900
1702246176,239
1702246178,269
1702246180,869
1702246180,850
1702246180,771
1702246180,54
1702246190,498
1702246190,14
1702246192,210
1702246197,933
1702246202,166
1702246203,171
1702246208,797
1702246208,582
1702246208,9
1702246218,983
1702246278,187
1702246279,87
1702246281,906
1702246281,103
1702246286,590
1702246287,864
1702246287,859
1702246292,959
1702246352,408
1702246357,727
1702246358,839
1702246359,611
1702246360,859
1702246370,775
1702246370,944
1702246370,928
1702246370,894
1702246370,787
1702246371,189
1702246376,747
1702246376,477
1702246377,418
1702246382,432
1702246392,104
1702246392,13
1702246402,914
1702250002,315
1702250002,672
1702250002,836
1702250003,466
1702250003,442
1702250004,730
1702250004,181
1702250005,346
1702250065,236
1702250075,65
1702250075,747
1702250076,412
1702250076,375
1702250086,907
1702250087,226
1702253687,828
1702253688,869
1702253689,694
1702253694,709
1702253699,343
1702253699,948
1702253699,65
1702253709,48
1702253710,63
1702253711,173
1702253716,957
1702253716,100
1702253776,640
1702257376,221
1702257376,898
1702257376,181
1702257376,992
1702257376,252
1702257376,897
1702257376,979
1702257376,395
1702257376,170
1702257386,190
1702257386,900
1702260986,360
1702260986,87
1702260988,315
1702260988,311
1702261048,153
1702261049,365
1702261049,987
1702261049,502
1702261049,579
1702261049,422
1702261050,42
1702261055,707
1702261056,209
1702261056,50
1702261057,550
1702261057,690
1702261057,233
1702261057,150
1702261062,697
1702261064,200
1702261065,980
1702261065,581
1702261066,715
1702261071,356
1702261071,410
1702261072,346
1702261077,466
1702261077,532
1702261082,239
1702261082,487
1702261083,318
1702261088,75
1702261098,947
1702261099,756
1702261099,693
1702261101,400
1702261102,372
1702261103,960
1702261103,688
1702261104,603
1702261104,223
1702264704,513
1702264705,979
1702264710,877
1702264710,106
1702264770,882
1702268370,933
1702268370,857
1702268370,515
1702268370,627
1702268380,460
1702268381,72
1702268382,891
1702268442,115
1702268442,664
1702272042,789
1702272042,32
1702272043,313
1702272103,818
1702272104,797
1702272104,940
1702272104,95
1702272109,138
1702272109,816
1702272114,413
1702272115,164
1702272125,522
1702272127,812
1702272137,57
1702272142,426
1702272147,742
1702272152,907
1702275752,7
1702275754,883
1702275759,338
1702275759,98
1702275819,240
1702275829,459
1702275839,822
1702275839,479
1702275849,798
1702275859,31
1702275860,274
1702279460,996
1702279460,633
1702279461,167
1702283061,746
1702283062,613
1702283067,470
1702283127,39
1702283128,22
1702283188,469
1702283188,266
1702283189,665
1702283191,781
1702283191,620
1702283192,39
1702283197,318
1702283197,736
1702283197,104
1702286797,400
1702286797,152
1702286798,787
1702286798,821
1702286799,421
1702286800,980
1702290400,628
1702290400,282
1702290400,221
1702290400,609
1702290401,290
1702290402,454
1702290404,468
1702290405,91
1702294005,937
1702294010,583
1702294020,700
1702294020,435
1702294025,215
1702294025,273
1702294025,915
1702294027,139
1702294029,467
1702294089,545
1702294089,91
1702294091,427
1702294092,370
1702294152,440
1702294152,416
1702294162,584
1702294167,793
1702294169,748
1702294169,73
1702294174,324
1702294174,82
1702297774,881
1702297775,319
1702297775,249
1702297780,216
1702297780,153
1702297782,860
1702297782,889
1702297792,386
1702301392,275
1702301393,361
1702301403,378
1702301403,902
1702301403,435
1702301408,612
1702301408,277
1702301418,291
1702301418,997
1702301418,790
1702301419,426
1702301419,162
1702301419,971
1702301429,721
1702301429,7
1702305029,614
1702305030,191
1702308630,697
1702308631,167
1702312231,877
1702312231,568
1702315831,466
1702315841,253
1702315841,610
1702315851,189
1702315861,948
1702315921,654
1702315926,341
1702315926,410
1702315926,975
1702315931,695
1702315932,896
1702315942,943
1702315952,418
1702315957,189
1702315957,22
1702315959,725
1702315959,528
1702315960,576
1702315960,346
1702315970,969
1702315970,554
1702316030,665
1702316031,83
1702319631,311
1702319631,334
1702319631,557
1702319632,949
1702319637,816
1702319647,460
1702319647,898
1702319652,51
1702319652,79
1702319654,452
1702319656,272
1702323256,124
1702323256,36
1702323256,57
1702323256,264
1702323266,558
1702323268,129
1702323268,217
1702326868,782
1702330468,26
1702330469,503
1702330469,594
1702330471,750
1702330472,763
1702330472,263
1702330472,211
1702330473,654
1702330473,616
1702330473,298
1702330474,414
1702334074,256
1702334134,603
1702334135,595
1702334195,143
1702337795,377
1702337795,83
1702337795,514
1702337800,953
1702337802,963
1702337802,711
1702337804,237
1702337804,386
1702337814,217
1702341414,449
1702341419,31
1702341420,533
1702341420,834
1702341480,101
1702341485,783
1702341490,355
1702341495,918
1702341495,14
1702345095,302
1702345095,150
1702348695,968
1702348700,509
1702348760,549
1702348760,502
1702348760,219
1702348765,664
1702348765,942
1702348765,443
1702348765,611
1702348767,132
1702348767,302
1702348767,503
1702352367,381
1702352369,234
1702352369,722
1702352370,513
1702352375,7
1702352375,879
1702352377,669
1702352378,514
1702352378,634
1702352379,57
1702352380,124
1702355980,731
1702355980,239
1702355980,863
1702355982,10
1702356042,465
1702356043,751
1702356044,41
1702356104,991
1702356114,70
1702356119,330
1702356121,991
1702356121,291
1702356121,754
1702356126,821
1702356127,4
1702356128,489
1702356129,101
1702356130,80
1702359730,829
1702359730,982
1702359790,580
1702359795,201
1702359795,842
1702359796,715
1702359798,386
1702359858,696
1702359860,485
1702359860,999
1702359861,674
1702359866,150
1702359868,564
1702359873,544
1702359878,918
1702359879,328
1702359881,406
1702359881,711
1702359941,340
1702359946,525
1702360006,278
1702360006,784
1702360006,717
1702360008,693
1702360018,363
1702360018,406
1702360018,343
1702360018,930
1702360028,214
1702360038,875
1702360039,349
1702360049,52
1702360049,815
1702360059,103
1702360059,445
1702360069,42
1702360129,401
1702363729,239
1702367329,814
1702367329,467
1702370929,207
1702370929,433
1702370929,209
1702370929,396
1702370930,991
1702370935,107
1702370935,77
1702370937,831
1702370938,580
1702370938,538
1702370939,471
1702370949,659
1702370954,836
1702370959,139
1702370961,365
1702370966,515
1702370971,161
1702370971,542
1702374571,672
1702374576,324
1702374636,344
1702378236,673
1702378236,610
1702378236,627
1702378236,74
1702378296,376
1702381896,328
1702381896,582
1702385496,86
1702385506,875
1702385506,397
1702385506,296
1702385506,485
1702385508,394
1702385518,169
1702385518,193
1702385523,198
1702385524,543
1702385534,228
1702385544,5
1702385554,823
1702385556,169
1702389156,885
1702389166,769
1702389166,435
1702389171,655
1702389171,835
1702389171,111
1702389181,928
1702389181,979
1702389181,750
1702389241,929
1702389251,112
1702389261,218
1702389262,762
1702389267,281
1702389272,369
1702389282,255
1702389287,653
1702389287,720
1702389292,982
1702389292,285
1702389292,982
1702392892,239
1702392892,230
1702392902,470
1702392903,740
1702392903,277
1702392903,929
1702392903,769
1702392903,469
1702392904,763
1702392964,157
1702392966,559
1702393026,784
1702393026,290
1702393027,387
1702393028,679
1702393028,61
1702393030,295
1702393040,201
1702393050,180
1702393060,259
1702393060,253
1702393070,832
1702393072,884
1702393132,983
1702393132,611
1702396732,864
1702396732,453
1702396733,884
1702396733,436
1702396734,471
1702396735,260
1702396735,761
1702396745,257
1702396746,240
1702396751,562
1702396751,294
1702396761,0
1702396761,136
1702396761,372
1702396761,410
1702396763,711
1702396763,623
1702396763,787
1702396764,321
1702396765,53
1702396765,715
1702396767,216
1702396767,641
1702396767,11
1702396767,63
1702396772,996
1702396772,316
1702396777,627
1702396777,663
1702396777,425
1702396777,873
1702396778,350
1702396779,918
1702396779,209
1702396779,865
1702396779,199
1702396779,244
1702396779,332
1702396781,435
1702396781,241
1702396781,176
1702396782,229
1702396792,44
1702396792,857
1702396797,458
1702396799,594
1702396809,810
1702396809,923
1702396809,820
1702396819,218
1702396819,858
1702396829,790
1702396829,11
1702396830,849
1702396835,299
1702396835,45
1702396837,107
1702396897,730
1702396898,341
1702396899,358
1702396900,783
1702396905,597
1702396915,628
1702396915,251
1702396915,939
1702396915,142
1702396917,49
1702400517,154
1702400518,887
1702400518,498
1702400519,528
1702400520,480
1702400530,186
1702400531,191
1702400531,199
1702400541,151
1702404141,21
1702404146,13
1702404146,49
1702404147,218
1702407747,376
1702407749,22
1702407809,92
1702407810,819
1702407815,481
1702411415,825
1702411415,518
1702411415,944
1702411425,346
1702411425,203
1702411426,353
1702411426,291
1702411428,329
1702415028,971
1702415033,921
1702415093,914
1702415103,664
1702415108,81
1702415109,176
1702415109,40
1702415109,49
1702415110,985
1702418710,583
1702418710,460
1702418711,558
1702418711,656
1702422311,1
1702422313,536
1702422314,69
1702422324,305
1702422384,383
1702422384,328
1702422389,804
1702422399,121
1702425999,292
1702426000,982
1702429600,637
1702429610,513
1702429610,531
1702429611,787
1702429612,339
1702429617,949
1702429617,354
1702429617,962
1702429677,8
1702429677,307
1702429677,412
1702429677,240
1702429678,130
1702429679,460
1702429684,278
1702433284,309
1702433284,705
1702436884,77
1702436884,923
1702436885,929
1702436885,106
1702436885,839
1702436885,936
1702436886,861
1702436891,314
1702436901,651
1702436901,797
1702436903,852
1702436963,346
1702436973,676
1702440573,391
1702440573,968
1702440633,420
1702440634,107
1702440634,934
1702440634,380
1702440634,813
1702444234,907
1702444244,705
1702444304,332
1702444364,519
1702444366,403
1702444367,409
1702444372,219
1702444432,116
1702444432,806
1702444437,567
1702444497,694
1702444499,696
1702444499,249
1702444504,635
1702448104,365
1702448104,109
1702448106,210
1702448106,35
1702448107,297
1702448112,140
1702448113,30
1702448118,54
1702448118,201
1702448118,282
1702448118,503
1702448119,117
1702448119,207
1702448119,132
1702448179,872
1702448181,654
1702451781,145
1702451781,525
1702455381,143
1702455382,309
1702455384,920
1702455385,731
1702455385,82
1702455386,421
1702455386,679
1702455446,221
1702455446,612
1702455446,962
1702455446,385
1702455446,455
1702455447,945
1702455448,170
1702455449,907
1702455451,453
1702455461,718
1702455462,905
1702455464,922
1702455465,482
1702455525,559
1702455530,81
1702455530,697
1702455590,844
1702455590,565
1702455590,172
1702455590,335
1702455591,943
1702455591,486
1702455591,120
1702455601,546
1702455611,302
1702455611,316
1702455612,922
1702455672,22
1702459272,383
1702462872,904
1702462877,523
1702462937,823
1702462937,821
1702462937,908
1702462997,38
1702462998,478
1702463058,155
1702463059,339
1702463059,319
1702463064,868
1702463074,222
1702463074,787
1702463075,888
1702463075,836
1702463075,330
1702463080,315
1702463140,181
1702463140,359
1702466740,141
1702466740,469
1702466740,201
1702466740,558
1702466740,90
1702466742,215
1702466742,534
1702466742,465
1702466743,982
1702466753,986
1702466763,5
1702466763,308
1702466773,210
1702466783,274
1702466784,540
1702466784,882
1702466785,273
1702466787,504
1702466787,431
1702466787,757
1702466787,749
1702466788,818
1702466848,315
1702466848,33
1702466858,930
1702466868,274
1702470468,928
1702470468,124
1702470468,874
1702470470,766
1702470470,340
1702470470,341
1702470471,517
1702470471,497
1702470531,396
1702470541,188
1702470541,610
1702470551,421
1702470561,560
1702470561,905
1702470571,560
1702470571,919
1702470572,237
1702470572,341
1702474172,243
1702474172,72
1702474182,461
1702474182,343
1702474182,801
1702474182,532
1702474182,55
1702474183,58
1702474183,40
1702474193,377
1702474194,600
1702474194,11
1702474194,652
1702474194,611
1702474204,884
1702474264,697
1702474265,581
1702474266,589
1702474266,906
1702474267,363
1702474268,150
1702474278,688
1702477878,487
1702477938,676
1702477938,343
1702477938,677
1702481538,789
1702485138,723
1702485139,829
1702485140,809
1702485140,322
1702485140,266
1702485140,467
1702488740,987
1702488740,655
1702488740,532
1702488740,522
1702488742,834
1702488742,810
1702488802,2
1702488802,266
1702488862,951
1702488862,228
1702488867,171
1702488872,147
1702488872,628
1702488872,309
1702488874,788
1702488876,656
1702488876,130
1702488886,722
1702488888,296
1702488888,985
1702488893,177
1702488893,439
1702488893,311
1702488895,444
1702488895,610
1702488896,323
1702488896,90
1702488897,5
1702488902,803
1702488902,636
1702492502,950
1702492507,174
1702492507,193
1702492508,676
1702492508,483
1702492510,187
1702492510,460
1702492510,41
1702492570,512
1702492570,371
1702492570,584
1702492572,206
1702492573,999
1702492583,91
1702492583,414
1702492643,322
1702492653,181
1702492663,587
1702492664,736
1702492724,422
1702492724,256
1702492725,575
1702492725,266
1702496325,211
1702496326,734
1702496326,432
1702496326,299
1702496336,336
1702499936,627
1702499936,249
1702499941,339
1702499941,548
1702499941,464
1702499941,553
1702503541,510
1702503543,164
1702507143,522
1702507148,426
1702507153,467
1702507153,134
1702507213,307
1702507214,281
1702507215,602
1702510815,295
1702510815,340
1702514415,868
1702514475,825
1702514475,129
1702514476,948
1702514476,124
1702514476,315
1702514478,463
1702514478,851
1702514488,202
1702514498,726
1702514558,192
1702514563,548
1702514563,280
1702514563,222
1702518163,506
1702518163,650
1702518164,197
1702521764,50
1702521764,587
1702521769,400
1702521771,484
1702521771,401
1702521772,642
1702521773,798
1702521783,219
1702521784,11
1702521844,853
1702521845,768
1702525445,898
1702525445,630
1702525447,854
1702525448,475
1702525448,86
1702525458,918
1702525458,282
1702525458,967
1702525458,1000
1702525468,777
1702525470,960
1702525470,536
1702525475,592
1702525475,159
1702525476,862
1702525477,428
1702525478,572
1702525480,337
1702525540,148
1702525540,891
1702525600,567
1702525600,106
1702525600,57
1702525602,595
1702525603,283
1702525613,3
1702525614,832
1702525614,680
1702525624,923
1702525625,992
1702525625,423
1702525625,31
1702525626,405
1702525626,50
1702525626,318
1702525631,27
1702525691,475
1702529291,980
1702529291,444
1702529292,453
1702529302,882
1702532902,244
1702536502,230
1702540102,200
1702543702,495
1702543704,76
1702543705,879
1702543707,814
1702543708,53
1702543713,816
1702543715,860
1702543715,174
1702543716,113
1702543717,924
1702543727,177
1702543732,49
1702543737,364
1702543738,931
1702543739,983
1702543739,902
1702543744,85
1702543744,35
1702543804,490
1702547404,28
1702547406,582
1702547416,198
1702547416,157
1702547418,886
1702547419,288
1702547419,833
1702547419,309
1702547420,21
1702547421,550
1702547421,731
1702547481,476
1702547483,918
1702547483,98
1702547488,27
1702547488,667
1702547489,918
1702547549,118
1702547554,361
1702547614,543
1702547616,723
1702547676,165
1702547681,864
1702547681,434
1702547741,476
1702547741,49
1702547742,276
1702547744,59
1702547804,313
1702547814,42
1702547814,741
1702547814,189
1702547814,826
1702551414,114
1702551416,107
1702551416,680
1702551418,603
1702551418,641
1702551418,145
1702551418,69
1702551423,129
1702551423,49
1702551423,797
1702551428,275
1702551429,809
1702551429,409
1702551439,355
1702555039,265
1702555039,708
1702555039,381
1702555040,721
1702558640,118
1702558700,228
1702558700,560
1702558700,5
1702558700,918
1702558702,788
1702558702,926
1702558704,197
1702558705,644
1702558706,973
1702558708,779
1702558708,936
1702558708,915
1702558708,517
1702558708,745
1702558708,334
1702558710,750
1702558710,884
1702558710,955
1702558770,155
1702558830,766
1702558831,447
1702558831,545
1702558831,997
1702558891,603
1702558891,49
1702558896,48
1702558898,315
1702558898,908
1702558899,401
1702558904,16
1702558904,74
1702558909,72
1702558909,932
1702558914,113
1702558915,114
1702558916,253
1702558918,618
1702558919,488
1702558919,88
1702558919,427
1702558919,890
1702558921,714
1702558921,715
1702562521,384
1702566121,835
1702566126,348
1702569726,365
1702573326,222
1702573326,539
1702573327,161
1702573327,789
1702573327,110
1702573328,926
1702573328,372
1702573328,933
1702573328,463
1702573328,621
1702573328,22
1702573333,7
1702576933,319
1702576943,661
1702576943,205
1702576943,602
1702576943,493
1702576943,230
1702576943,397
1702576945,429
1702576945,271
1702576945,494
1702576950,794
1702576950,42
1702576950,485
1702576955,570
1702576957,799
1702576957,432
1702576957,44
1702576957,60
1702580557,731
1702580567,627
1702580627,27
1702580627,303
1702580627,246
1702580629,807
1702580629,914
1702580629,579
1702580689,313
1702580694,468
1702580694,596
1702580754,531
1702580755,573
1702580760,878
1702580762,245
1702580763,724
1702580773,617
1702580774,203
1702580776,848
1702580777,2
1702580777,503
1702580779,863
1702580789,771
1702580794,993
1702580795,103
1702580797,958
1702580799,379
1702580799,371
1702580799,106
1702580799,690
1702580801,631
1702580802,578
1702580802,92
1702580802,88
1702580807,138
1702580812,104
1702580813,152
1702580813,136
1702580813,667
1702580813,454
1702580813,814
1702580813,873
1702580814,649
1702580824,355
1702580824,523
1702580825,883
1702580825,419
1702580825,859
1702580827,243
1702580837,391
1702580837,232
1702580839,922
1702580844,611
1702580844,415
1702580844,290
1702580845,749
1702584445,118
1702584445,943
1702584447,74
1702584447,915
1702584447,91
1702584448,174
1702584449,965
1702584449,295
1702584451,149
1702584451,746
1702584456,422
1702584457,874
1702584467,248
1702584467,250
1702584467,546
1702584467,203
1702584467,541
1702584468,834
1702584473,186
1702584473,46
1702584474,42
1702584474,182
1702584534,821
1702584535,835
1702584535,348
1702584536,409
1702584596,750
1702584656,777
1702584657,576
1702588257,344
1702588257,917
1702588259,946
1702588259,907
1702588319,741
1702588329,16
1702588334,234
1702588335,522
1702591935,17
1702591995,939
1702592005,661
1702595605,146
1702595610,709
1702595612,994
1702595613,390
1702595673,510
1702595673,300
1702595673,154
1702595673,438
1702595673,602
1702595673,907
1702595678,993
1702595678,237
1702595678,582
1702595688,657
1702595688,984
1702595688,304
1702595690,91
1702595695,927
1702595700,811
1702599300,289
1702599310,921
1702599310,946
1702599310,275
1702599320,822
1702599320,614
1702599320,226
1702599330,356
1702599330,137
1702602930,885
1702602930,218
1702602931,386
1702602932,269
1702602937,237
1702602937,986
1702602937,41
1702602937,146
1702602937,972
1702602938,273
1702602948,246
1702602949,955
1702602949,509
1702603009,51
1702603011,44
1702603011,866
1702603021,984
1702603081,479
1702603081,370
1702603082,549
1702603087,76
1702603087,117
1702606687,833
1702606687,661
1702606687,794
1702606687,153
1702606687,392
1702606687,610
1702606747,203
1702606749,665
1702606809,490
1702606809,917
1702606810,143
1702606870,290
1702606870,332
1702606870,449
1702606870,865
1702606870,49
1702606872,816
1702606872,499
1702606873,448
1702606933,756
1702606933,462
1702606934,316
1702610534,474
1702610544,915
1702610544,184
1702610544,402
1702610544,734
1702610545,693
1702610545,750
1702614145,426
1702614146,525
1702614146,50
1702614146,924
1702614146,200
1702614146,161
1702614146,561
1702614148,141
1702614208,567
1702614213,589
1702614213,734
1702614213,858
1702614213,109
1702614273,397
1702614274,251
1702614284,387
1702614285,995
1702614345,476
1702614345,227
1702614405,811
1702614407,499
1702614409,626
1702614409,944
1702614409,75
1702614410,312
1702614411,238
1702614412,670
1702614412,364
1702614413,203
1702614473,660
1702614483,891
1702614483,198
1702614488,59
1702614488,604
1702614548,995
1702614550,36
1702614550,465
1702614550,377
1702614552,815
1702614553,811
1702614553,17
1702614554,724
1702614554,872
1702614555,958
1702614555,874
1702614555,917
1702614555,17
1702614565,936
1702614566,691
1702614571,297
1702618171,844
1702618171,71
1702618231,622
1702618231,143
1702618231,741
1702618236,425
1702618237,941
1702621837,484
1702621837,806
1702621838,713
1702621838,626
1702621848,56
1702621848,36
1702621848,979
1702621848,369
1702621849,290
1702621850,299
1702621850,487
1702625450,480
1702625455,949
1702625465,740
1702625465,316
1702629065,42
1702629065,372
1702629125,670
1702629127,551
1702629127,736
1702629127,666
1702632727,849
1702632727,458
1702632737,316
1702636337,67
1702636339,480
1702636340,32
1702636341,224
1702636346,368
1702636356,985
1702636416,730
1702636418,202
1702636419,263
1702636420,823
1702636422,291
1702636432,404
1702636432,682
1702636492,847
1702636492,418
1702640092,647
1702640152,587
1702640157,989
1702640217,433
1702640227,965
1702640227,761
1702640227,701
1702640227,528
1702640287,394
1702640292,168
1702640292,168
1702640297,398
1702640299,488
1702640300,668
1702640300,142
1702640300,222
1702640300,384
1702640300,613
1702640360,432
1702640361,922
1702640363,644
1702640423,230
1702640423,933
1702640483,209
1702640483,180
1702644083,60
1702644083,132
1702644084,29
1702644144,550
1702644204,526
1702644205,892
1702644215,654
1702644215,514
1702644215,15
1702647815,924
1702647815,470
1702647815,109
1702647875,921
1702647875,60
1702651475,775
1702651535,179
1702651535,569
1702651536,120
1702651541,747
1702651546,209
1702651547,345
1702651549,857
1702651549,19
1702651551,145
1702651551,914
1702651561,237
1702651562,979
1702651622,404
1702651622,966
1702651624,282
1702655224,406
1702655284,799
1702655344,382
1702655354,148
1702655355,428
1702655357,119
1702655367,79
1702655367,96
1702655367,659
1702655377,597
1702655437,460
1702655438,914
1702655438,586
1702655439,488
1702655440,357
1702655442,196
1702655442,475
1702655443,971
1702655443,803
1702655443,33
1702655445,595
1702655446,204
1702655506,254
1702655511,254
1702655516,346
1702655518,186
1702655518,142
1702655518,565
1702655519,638
1702655520,735
1702655520,612
1702655520,656
1702655580,251
1702655581,584
1702659181,580
1702659181,280
1702659182,516
1702659182,1000
1702659183,581
1702659184,275
1702659184,175
1702659244,745
1702659245,87
1702662845,701
1702662847,15
1702662907,346
1702662917,110
1702662922,253
1702662922,873
1702662923,192
1702662933,457
1702666533,756
1702666533,401
1702666534,911
1702666536,380
1702666536,659
1702670136,114
1702670138,628
1702670138,881
1702670143,711
1702670143,538
1702670203,620
1702670205,558
1702670205,297
1702670206,423
1702670208,93
1702670218,455
1702670220,737
1702670220,601
1702670225,26
1702670225,385
1702670285,846
1702670290,602
1702670291,299
1702670291,189
1702670293,46
1702670298,777
1702670303,289
1702670303,493
1702670303,851
1702670303,787
1702670303,177
1702670363,143
1702670364,892
1702670374,595
1702670375,134
1702670377,628
1702670379,759
1702670439,780
1702670439,446
1702670499,767
1702670504,282
1702670504,304
1702670514,329
1702670514,744
1702670515,434
1702670517,4
1702670517,234
1702670517,19
1702670519,11
1702670519,590
1702670579,52
1702674179,796
1702674189,273
1702674190,361
1702674200,929
1702674200,597
1702674201,828
1702674201,496
1702674202,589
1702674203,42
1702674203,787
1702677803,147
1702677804,113
1702677804,148
1702677804,274
1702677804,506
1702681404,908
1702681405,374
1702681415,402
1702681415,636
1702685015,586
1702685016,178
1702685076,438
1702685136,114
1702685141,213
1702685151,237
1702685156,900
1702685158,936
1702685158,440
1702685159,155
1702688759,402
1702688759,654
1702688760,146
1702688761,914
1702688761,471
1702688762,773
1702688822,22
1702692422,325
1702692423,814
1702692423,633
1702692483,985
1702692485,355
1702692485,169
1702692495,27
1702692505,508
1702692510,557
1702692511,967
1702692571,401
1702692572,302
1702692573,350
1702692573,361
1702692574,846
1702696174,69
1702696175,713
1702699775,756
1702699775,385
1702699775,619
1702699775,105
1702699775,424
1702699785,248
1702699785,648
1702699785,555
1702703385,494
1702703385,172
1702703385,880
1702703385,915
1702703385,943
1702703395,897
1702703455,275
1702703455,689
1702703455,933
1702703455,809
1702703456,565
1702703458,626
1702703460,752
1702703460,724
1702703462,801
1702707062,796
1702707122,26
1702707124,312
1702707124,177
1702707134,362
1702710734,807
1702710734,863
1702710736,291
1702714336,76
1702714336,125
1702714341,766
1702714341,146
1702714341,342
1702714343,430
1702714348,501
1702714349,293
1702714349,780
1702714351,268
1702714361,102
1702714361,616
1702714363,528
1702714363,244
1702714363,820
1702714363,304
1702714368,720
1702714369,512
1702714429,31
1702714439,495
1702714439,287
1702714439,17
1702714439,515
1702714439,767
1702714439,156
1702714440,884
1702714441,122
1702714441,107
1702714443,595
1702714443,721
1702714448,260
1702714508,893
1702714510,146
1702714510,581
1702714510,368
1702714510,225
1702714512,363
1702714517,801
1702714517,845
1702714519,961
1702714519,518
1702714524,442
1702714529,64
1702718129,586
1702718129,605
1702718139,425
1702718140,576
1702718141,243
1702718142,371
1702718142,44
1702721742,372
1702721742,322
1702721743,364
1702721745,790
1702721750,424
1702721750,758
1702721750,635
1702721810,176
1702721820,248
1702721820,881
1702725420,534
1702725480,246
1702729080,178
1702729082,972
1702729082,106
1702729082,279
1702729087,576
1702729087,51
1702732687,956
1702732687,708
1702732687,878
1702732687,463
1702732687,682
1702732687,163
1702732692,876
1702732697,341
1702736297,618
1702736297,277
1702736298,903
1702736300,648
1702736302,984
1702736362,186
1702736362,967
1702739962,567
1702739962,785
1702740022,299
1702740024,34
1702740026,309
1702740026,845
1702740031,196
1702740031,247
1702740031,250
1702740036,829
1702740046,129
1702740046,957
1702743646,950
1702743706,161
1702743716,267
1702743716,203
1702743718,952
1702743720,725
1702743721,506
1702743731,783
1702743791,584
1702743792,126
1702743793,513
1702743793,549
1702743794,510
1702743795,261
1702747395,389
1702747396,456
1702747456,957
1702747461,262
1702747462,314
1702747462,841
1702747462,215
1702747462,167
1702747472,148
1702751072,760
1702751074,841
1702751074,57
1702751075,535
1702751076,530
1702751076,681
1702751076,582
1702751081,509
1702754681,967
1702754683,455
1702758283,282
1702758283,663
1702758284,251
1702761884,899
1702761884,130
1702761884,668
1702761885,166
1702761895,453
1702761955,817
1702761955,547
1702761960,326
1702761961,505
1702761962,71
1702761962,976
1702761967,672
1702761968,142
1702762028,969
1702762038,780
1702762098,848
1702762098,11
1702762099,37
1702762101,775
1702762103,470
1702765703,577
1702765713,563
1702765713,443
1702765713,681
1702765723,24
1702765724,890
1702765724,930
1702769324,474
1702769324,461
1702769384,532
1702769384,584
1702769385,822
1702769387,792
1702769388,620
1702769388,326
1702769388,116
1702772988,541
1702772998,261
1702773058,254
1702773068,145
1702773068,598
1702773078,557
1702773078,924
1702773088,611
1702773088,446
1702773088,876
1702773088,242
1702773088,668
1702773088,437
1702773088,139
1702773088,640
1702773089,979
1702773089,722
1702773089,966
1702773089,626
1702773089,795
1702773089,297
1702773089,240
1702773089,698
1702773089,362
1702773094,211
1702776694,170
1702776696,129
1702776696,556
1702776756,44
1702776766,244
1702776826,381
1702776836,47
1702776836,105
1702776896,922
1702776901,796
1702776901,221
1702776911,375
1702776911,447
1702776911,344
1702776912,732
1702776913,892
1702776915,969
1702776915,534
1702780515,643
1702780517,404
1702780517,657
1702780518,334
1702780519,728
1702780521,412
1702780522,834
1702780523,524
1702780523,652
1702780524,708
1702780534,502
1702780535,355
1702784135,163
1702784135,365
1702784140,711
1702784140,307
1702784142,287
1702784142,597
1702784152,807
1702784157,3
1702784157,542
1702787757,568
1702787767,111
1702787768,833
1702787768,554
1702787769,44
1702791369,421
1702791370,787
1702791371,343
1702791372,141
1702794972,713
1702795032,654
1702795032,863
1702795032,728
1702795042,283
1702795042,299
1702795044,934
1702795049,122
1702795049,437
1702795051,165
1702795061,666
1702798661,817
1702798661,735
1702802261,467
1702802262,572
1702805862,319
1702805862,417
1702805922,397
1702805923,946
1702805925,258
1702805927,957
1702805987,401
1702805987,217
1702809587,679
1702809589,345
1702813189,34
1702813190,616
1702813250,953
1702813250,53
1702813250,871
1702813251,437
1702813311,872
1702813312,967
1702813313,687
1702813373,235
1702813433,998
1702813443,414
1702813448,405
1702813458,134
1702813468,842
1702813528,486
1702813528,802
1702813538,903
1702813538,201
1702813548,60
1702813548,15
1702813553,588
1702813553,311
1702813555,681
1702817155,990
1702820755,406
1702820755,884
1702820755,654
1702820815,309
1702820815,343
1702820817,512
1702820827,993
1702820827,977
1702820829,465
1702820839,298
1702820849,868
1702820850,520
1702820850,557
1702820852,202
1702824452,105
1702824453,38
1702824463,764
1702824468,600
1702824528,25
1702828128,885
1702828188,1
1702828190,281
1702828192,268
1702831792,397
1702831792,751
1702831793,70
1702835393,600
1702835393,1
1702835453,551
1702839053,587
1702839053,75
1702839053,943
1702839055,876
1702839055,149
1702839065,561
1702839065,252
1702839075,880
1702839077,167
1702842677,525
1702842679,444
1702842680,90
1702846280,121
1702849880,338
1702849882,773
1702849942,839
1702849943,694
1702849944,154
1702849944,810
1702849944,935
1702849949,928
1702849949,312
1702849949,39
1702849951,988
1702849953,809
1702849954,664
1702849954,972
1702853554,443
1702853554,647
1702853556,144
1702853556,81
1702853557,771
1702853617,116
1702853617,470
1702853617,359
1702853618,551
1702853678,38
1702853688,116
1702853688,459
1702853748,906
1702853808,466
1702853809,847
1702853809,253
1702857409,993
1702857414,752
1702857414,892
1702857415,764
1702857416,272
1702857416,633
1702857416,538
1702857416,599
1702857416,375
1702857416,653
1702857417,965
1702857418,630
1702857419,831
1702857421,872
1702861021,121
1702861022,559
1702861022,499
1702861023,850
1702861025,684
1702861025,110
1702861030,761
1702861032,179
1702861032,998
1702861032,468
1702861033,619
1702861093,100
1702861098,206
1702861099,328
1702861099,484
1702861099,95
1702861109,929
1702861109,702
1702861169,698
1702861229,852
1702861229,617
1702861230,465
1702861231,545
1702861231,55
1702861231,89
1702864831,560
1702864836,37
1702864841,456
1702864851,560
1702868451,709
1702868452,53
1702868453,835
1702868453,350
1702872053,740
1702872053,22
1702872053,643
1702872054,875
1702872054,768
1702872054,570
1702872114,610
1702872115,471
1702872115,625
1702872115,221
1702872175,969
1702872180,319
1702872181,125
1702875781,622
1702875783,725
1702875793,627
1702875798,454
1702875798,968
1702875798,949
1702875798,149
1702875799,59
1702875799,252
1702875804,223
1702875814,319
1702875814,691
1702879414,968
1702879414,149
1702879416,416
1702883016,763
1702883016,656
1702883017,565
1702886617,114
1702886617,623
1702886622,874
1702886623,428
1702886623,992
1702886623,673
1702886625,705
1702886626,975
1702886626,678
1702886626,236
1702886636,778
1702890236,663
1702890246,787
1702890248,251
1702890250,651
1702890252,375
1702890253,434
1702890253,750
1702890313,273
1702890323,778
1702890324,623
1702890324,685
1702890324,302
1702890324,514
1702893924,33
1702893924,373
1702893924,127
1702893934,48
1702893944,153
1702897544,283
1702897549,104
1702897554,719
1702901154,951
1702901214,334
1702901214,192
1702901215,68
1702901216,886
1702901216,608
1702901216,235
1702901221,21
1702901222,548
1702901222,779
1702901222,512
1702901227,928
1702901227,869
1702901227,920
1702901287,711
1702901287,633
1702901288,879
1702901288,30
1702901288,264
1702901288,681
1702901288,225
1702901289,372
1702901291,758
1702901296,529
1702904896,551
1702904906,706
1702904906,81
1702904911,697
1702904911,258
1702904911,94
1702904912,539
1702904972,60
1702904982,326
1702904982,598
1702904982,664
1702904983,636
1702904983,573
1702904983,744
1702904984,899
1702904985,918
1702904985,55
1702908585,402
1702908585,761
1702912185,339
1702912186,992
1702912186,503
1702912246,836
1702915846,512
1702915846,757
1702915846,786
1702915906,604
1702915907,955
1702915967,311
1702915969,188
1702915971,553
1702916031,184
1702916091,558
1702916092,666
1702916102,128
1702919702,911
1702919712,335
1702919712,168
1702919712,33
1702919713,601
1702919715,232
1702919715,383
1702919715,727
1702919716,495
1702919716,619
1702919726,301
1702919727,160
1702919727,200
1702919727,487
1702919729,238
1702919729,863
1702919729,989
1702919729,750
1702919739,686
1702923339,60
1702923399,692
1702923399,836
1702923399,731
1702923401,944
1702923461,596
1702923462,58
1702923522,505
1702927122,396
1702927182,388
1702927183,534
1702927183,467
1702927183,860
1702927193,961
1702927198,7
1702927199,603
1702927201,126
1702927211,142
1702927221,82
1702927226,37
1702927226,698
1702927231,905
1702927231,733
1702927231,152
1702930831,172
1702930891,408
1702930892,573
1702930892,357
1702930952,883
1702930952,724
1702930953,959
1702934553,374
1702934554,99
1702934559,784
1702934559,562
1702934561,358
1702934621,790
1702934622,532
1702934622,552
1702934622,561
1702938222,64
1702938222,248
1702938223,234
1702941823,90
1702941828,787
1702945428,714
1702945428,936
1702945488,652
1702945498,245
1702945499,274
1702945500,853
1702945500,61
1702945501,288
1702945502,862
1702945504,623
1702945504,414
1702945505,328
1702949105,371
1702949105,367
1702949105,538
1702949105,152
1702949105,937
1702949105,963
1702949107,416
1702949112,320
1702952712,318
1702952713,74
1702952773,369
1702952775,969
1702952776,244
1702952781,151
1702952781,153
1702952841,973
1702952843,837
1702952848,368
1702956448,281
1702956508,63
1702956509,958
1702956509,774
1702956519,749
1702956519,314
1702956579,619
1702956639,708
1702956639,902
1702960239,527
1702960240,981
1702960242,920
1702960242,672
1702960243,670
1702960243,177
1702960253,744
1702960254,221
1702960254,851
1702960255,197
1702960256,936
1702960257,233
1702960257,907
1702960258,814
1702960258,819
1702960260,819
1702960270,483
1702960271,982
1702960272,388
1702960273,781
1702960273,792
1702960273,76
1702960273,725
1702963873,676
1702963874,580
1702963879,506
1702967479,708
1702967479,471
1702967479,856
1702967480,109
1702971080,797
1702971140,559
1702971141,56
1702971143,346
1702971145,841
1702971150,442
1702971150,992
1702971155,995
1702971155,210
1702971155,856
1702971156,736
1702971156,231
1702971161,892
1702971162,776
1702971162,733
1702971172,65
1702971173,763
1702971233,771
1702974833,758
1702974833,684
1702978433,990
1702978435,682
1702978435,795
1702978436,419
1702978438,365
1702982038,892
1702982038,289
1702982038,297
1702982038,827
1702982040,675
1702982100,524
1702985700,713
1702985710,414
1702985770,142
1702985772,270
1702989372,735
1702989382,84
1702989382,818
1702989383,48
1702989384,135
1702989384,639
1702992984,829
1702992989,663
1702992999,200
1702992999,858
1702993059,238
1702993059,465
1702993061,980
1702993063,158
1702993063,739
1702993064,374
1702993064,855
1702993069,312
1702993069,731
1702993069,703
1702993069,607
1702996669,517
1702996669,717
1703000269,916
1703000274,825
1703000275,899
1703000285,383
1703000295,512
1703000295,275
1703000296,116
1703000296,822
1703000296,377
1703000296,664
1703000296,964
1703000297,709
1703000297,611
1703000298,226
1703000300,605
1703000360,290
1703000362,173
1703000363,564
1703000364,554
1703000374,288
1703000434,837
1703000434,801
1703000435,110
1703000435,957
1703000445,470
1703000505,381
1703000507,612
1703000517,330
1703000522,446
1703000532,126
1703000533,500
1703000543,126
1703000548,491
1703000553,790
1703000555,255
1703000615,340
1703000675,348
1703000680,787
1703000680,428
1703000690,57
1703000690,276
1703004290,943
1703004292,684
1703004302,706
1703007902,618
1703007904,17
1703011504,850
1703011504,980
1703011506,623
1703011516,615
1703011516,380
1703015116,157
1703015126,423
1703015131,385
1703015191,527
1703015201,809
1703015201,361
1703015203,406
1703018803,21
1703018804,80
1703018804,914
1703018805,924
1703018807,285
1703018807,689
1703018817,759
1703018817,72
1703018877,123
1703018878,944
1703018880,853
1703018880,959
1703018882,629
1703018882,485
1703018942,146
1703019002,348
1703019002,326
1703019002,359
1703019003,398
1703019008,126
1703019008,448
1703019008,572
1703019008,45
1703019013,482
1703022613,382
1703022614,379
1703022614,407
1703022624,975
1703022624,112
1703022624,103
1703022624,357
1703022625,663
1703022625,863
1703022625,163
1703022685,238
1703022685,556
1703022686,768
1703022687,720
1703026287,220
1703026297,335
1703026357,255
1703026367,751
1703026427,563
1703026427,349
1703026429,719
1703026439,359
1703026444,893
1703030044,622
1703030046,382
1703030056,199
1703030061,739
1703030061,611
1703030063,417
1703030063,806
1703030064,11
1703030065,558
1703030065,22
1703030065,831
1703030066,912
1703030076,190
1703033676,49
1703033736,395
1703033736,926
1703033738,179
1703037338,740
1703037340,415
1703037341,482
1703037343,32
1703037343,642
1703037343,745
1703037343,846
1703037403,216
1703037403,791
1703037403,605
1703041003,108
1703041008,496
1703041013,399
1703041014,981
1703044614,148
1703048214,678
1703048214,342
1703048214,728
1703048214,721
1703048274,244
1703048284,740
1703051884,230
1703051886,137
1703051886,950
1703051887,930
1703051947,205
1703051947,99
1703051948,687
1703051948,541
1703051953,636
1703051954,206
1703051954,211
1703051954,317
1703055554,977
1703055555,245
1703055557,764
1703055557,114
1703055558,883
1703055559,896
1703055560,484
1703055560,679
1703055620,806
1703055630,730
1703055630,494
1703055630,534
1703055631,703
1703055632,475
1703059232,865
1703059233,949
1703062833,41
1703062893,423
1703062953,617
1703063013,765
1703063013,188
1703063013,142
1703063013,889
1703063015,760
1703063075,609
1703063075,786
1703063076,291
1703063076,568
1703063077,103
1703063077,684
1703063079,543
1703063139,959
1703063139,901
1703063139,716
1703063139,496
1703063199,400
1703063199,938
1703063201,978
1703063201,361
1703063201,779
1703063202,242
1703063262,894
1703063263,977
1703063263,791
1703063273,50
1703063283,64
1703063285,245
1703063286,289
1703063286,609
1703063287,298
1703063289,674
1703063291,472
1703063291,575
1703063296,965
1703063301,430
1703063301,684
1703063361,811
1703063362,456
1703063363,481
1703063364,34
1703063364,649
1703066964,50
1703066964,245
1703067024,249
1703067024,984
1703067024,722
1703067029,527
1703067029,445
1703067089,587
1703067089,542
1703070689,282
1703070691,308
1703070691,981
1703070691,170
1703074291,870
1703074291,156
1703074292,474
1703074293,650
1703074294,770
1703074295,219
1703074305,386
1703074306,448
1703074306,996
1703074307,167
1703074307,799
1703074307,267
1703077907,618
1703077909,586
1703077909,551
1703077910,367
1703077910,641
1703081510,301
1703081511,78
1703081513,897
1703081513,613
1703081514,917
1703081514,43
1703081574,867
1703081574,209
1703085174,304
1703085174,793
1703085176,677
1703085186,832
1703085186,531
1703085191,946
1703085191,328
1703085193,879
1703088793,270
1703088795,522
1703088855,125
1703088855,523
1703088855,176
1703088860,53
1703088860,854
1703088920,654
1703088920,555
1703088920,323
1703088925,98
1703088926,756
1703088927,54
1703088927,40
1703088932,106
1703088933,46
1703088938,940
1703092538,788
1703092538,115
1703092539,499
1703092540,152
1703092550,331
1703096150,648
1703096155,53
1703096155,164
1703096157,346
1703096158,988
1703099758,15
1703099758,256
1703099758,887
1703099759,211
1703099759,382
1703099761,772
1703099766,706
1703099766,734
1703103366,894
1703103366,179
1703103367,745
1703106967,7
1703106967,918
1703106968,696
1703110568,668
1703110569,230
1703110629,665
1703110629,850
1703110629,906
1703110631,747
1703110631,853
1703110632,56
1703110637,521
1703110637,471
1703110697,61
1703110697,915
1703110697,989
1703110698,451
1703110698,416
1703114298,142
1703114298,134
1703114298,65
1703114298,99
1703114300,548
1703117900,976
1703117910,104
1703121510,542
1703121515,743
1703121520,532
1703121522,367
1703121522,93
1703125122,201
1703125122,861
1703125127,865
1703125127,444
1703125128,299
1703125130,513
1703125130,523
1703125190,412
1703125190,365
1703125191,835
1703125192,184
1703128792,291
1703128852,268
1703128857,439
1703128857,445
1703128857,636
1703128859,447
1703128860,620
1703128860,258
1703128861,585
1703128921,761
1703128921,258
1703128922,613
1703128927,50
1703128987,326
1703128988,382
1703128988,205
1703128998,300
1703128998,956
1703129000,824
1703129001,427
1703129001,652
1703129001,621
1703129001,828
1703129003,724
1703129013,599
1703129014,172
1703129015,125
1703129025,548
1703129030,116
1703129031,381
1703129033,323
1703129033,553
1703129034,333
1703129034,701
1703129035,47
1703129037,419
1703129037,826
1703129039,961
1703129040,233
1703129050,953
1703129110,706
1703129111,257
1703129113,883
1703129113,803
1703129173,463
1703129173,917
1703129173,521
1703129178,593
1703132778,591
1703132783,936
1703132793,326
1703132853,99
1703132853,862
1703132853,371
1703132854,598
1703136454,405
1703140054,733
1703140055,140
1703140057,390
1703140057,997
1703140058,999
1703143658,474
1703143663,958
1703143664,40
1703143674,594
1703143734,752
1703143739,77
1703147339,862
1703147339,867
1703147399,250
1703147399,33
1703147399,712
1703147400,292
1703147410,750
1703147470,636
1703147470,867
1703147530,378
1703147530,729
1703147540,813
1703147600,156
1703147600,387
1703147600,229
1703147600,869
1703147600,721
1703147600,34
1703147660,153
1703147660,761
1703147660,877
1703147665,891
1703147667,579
1703147668,689
1703147678,630
1703147678,196
1703147679,899
1703147679,350
1703147680,761
1703147681,310
1703147683,374
1703147683,325
1703147743,381
1703151343,646
1703151403,913
1703151403,113
1703151408,718
1703151408,585
1703151409,221
1703151409,776
1703151414,670
1703151414,202
1703151414,689
1703151414,780
1703151415,210
1703151415,173
1703151415,918
1703151420,753
1703151421,370
1703155021,481
1703155021,425
1703155021,44
1703155026,832
1703155028,545
1703155029,121
1703158629,253
1703158629,794
1703158629,87
1703158631,893
1703158636,380
1703158637,148
1703158637,223
1703158697,847
1703158698,96
1703158699,828
1703158699,979
1703158759,811
1703158759,768
1703158761,680
1703158761,330
1703162361,303
1703162366,502
1703165966,636
1703165966,668
1703165971,470
1703166031,673
1703166031,482
1703166032,374
1703166092,97
1703166093,469
1703166153,456
1703166154,40
1703166164,901
1703166165,202
1703166165,347
1703166225,107
1703166227,392
1703166237,950
1703166239,250
1703166239,375
1703166240,605
1703166241,305
1703166241,674
1703166241,169
1703166241,838
1703166241,255
1703166251,830
1703166256,541
1703166316,423
1703169916,224
1703169916,693
1703169918,636
1703169918,951
1703169920,769
1703169921,709
1703169922,92
1703169922,740
1703173522,897
1703173522,90
1703173522,136
1703173522,729
1703173582,716
1703173587,99
1703173587,157
1703173588,19
1703173589,180
1703173589,626
1703173594,516
1703173604,292
1703177204,929
1703177264,384
1703177265,582
1703177265,363
1703177270,895
1703177272,64
1703177272,275
1703177272,100
1703177282,266
1703177282,480
1703177342,428
1703177344,808
1703177344,73
1703177344,195
1703177354,606
1703177355,116
1703177356,371
1703177357,362
1703177359,524
1703177359,998
1703177359,927
1703177364,628
1703177366,229
1703177366,150
1703180966,366
1703180966,17
1703180968,969
1703184568,435
1703188168,242
1703188168,831
1703191768,383
1703191768,242
1703191828,211
1703191829,320
1703191829,165
1703191829,608
1703191829,158
1703191829,97
1703195429,408
1703195429,206
1703195439,378
1703195439,688
1703195439,315
1703195440,926
1703195442,599
1703195443,864
1703195453,492
1703195458,531
1703195459,796
1703195460,627
1703195461,978
1703195462,280
1703195462,882
1703195462,925
1703195462,791
1703195462,843
1703199062,994
1703199062,618
1703202662,909
1703202672,602
1703202672,971
1703206272,141
1703206332,511
1703206334,991
1703206336,846
1703206346,404
1703206347,253
1703206347,193
1703206347,512
1703206348,799
1703206348,678
1703209948,822
1703210008,292
1703210010,323
1703210015,898
1703210015,100
1703210015,332
1703213615,592
1703213615,792
1703213620,140
1703213620,973
1703213620,42
1703213620,653
1703213625,772
1703213630,743
1703213630,720
1703213690,235
1703213690,971
1703213691,130
1703213691,841
1703213751,218
1703213811,819
1703217411,590
1703217416,479
1703217418,384
1703221018,385
1703221078,558
1703221078,187
1703221079,880
1703221139,664
1703221139,588
1703221139,868
1703224739,607
1703224740,708
1703224742,451
1703224742,940
1703224752,739
1703224754,745
1703224754,733
1703228354,830
1703228355,329
1703228365,342
1703228367,52
1703228377,511
1703228377,947
1703228377,845
1703228382,9
1703228383,601
1703228383,931
1703228385,845
1703228395,628
1703228395,490
1703228395,728
1703231995,593
1703232005,461
1703232005,592
1703232005,354
1703232005,151
1703232015,806
1703232017,828
1703232018,740
1703232018,70
1703232018,77
1703232078,647
1703232080,255
1703232140,472
1703232140,997
1703232200,552
1703232210,496
1703232215,858
1703235815,858
1703235817,107
1703235817,393
1703235817,965
1703235822,353
1703235832,898
1703235832,350
1703239432,381
1703239433,501
1703239435,472
1703239435,405
1703239435,552
1703239495,855
1703239495,168
1703239505,162
1703239506,223
1703239508,558
1703239509,962
1703239509,371
1703239509,630
1703239509,380
1703239509,634
1703239569,45
1703239571,867
1703239571,191
1703239572,581
1703239577,197
1703239578,474
1703239638,92
1703239640,359
1703239700,997
1703239701,350
1703239702,348
1703239703,922
1703239703,417
1703239703,873
1703239704,497
1703239704,791
1703239764,625
1703239764,180
1703239766,186
1703243366,692
1703243366,222
1703243426,469
1703243426,824
1703243431,228
1703247031,878
1703247031,995
1703247036,838
1703247046,61
1703247046,540
1703247047,901
1703247048,890
1703247048,530
1703247048,150
1703247108,285
1703247110,92
1703247110,291
1703247115,827
1703250715,722
1703254315,789
1703254315,204
1703254316,140
1703254318,32
1703254319,513
1703254320,300
1703257920,774
1703257921,334
1703257926,267
1703257936,493
1703257936,909
1703257936,728
1703261536,683
1703261537,26
1703261537,716
1703261537,812
1703261537,171
1703261537,320
1703261538,537
1703261539,717
1703261549,224
1703261550,998
1703261550,238
1703261560,765
1703265160,115
1703265161,653
1703265161,282
1703265161,563
1703265161,171
1703265166,598
1703265168,2
1703265168,42
1703265168,925
1703265170,617
1703265172,173
1703265173,753
1703265173,547
1703265178,244
1703265179,738
1703268779,591
1703268781,640
1703268781,290
1703268781,626
1703268781,564
1703268783,476
1703268784,544
1703268794,556
1703268799,472
1703268799,599
1703268799,934
1703268799,110
1703268800,341
1703268800,385
1703268810,120
1703268870,128
1703268870,411
1703268872,702
1703268873,866
1703268873,149
1703268873,722
1703268873,223
1703268878,563
1703268878,997
1703272478,483
1703272480,536
1703272480,350
1703272480,197
1703272485,103
1703272486,973
1703272486,985
1703272486,330
1703272487,168
1703272489,406
1703272489,236
1703272489,468
1703276089,661
1703276094,384
1703276154,688
1703276155,130
1703276157,82
1703276158,71
1703276160,804
1703276170,206
1703279770,145
1703279770,368
1703279770,566
1703279830,177
1703283430,793
1703283435,794
1703283440,994
1703283440,711
1703283440,276
1703283442,415
1703283442,369
1703283444,243
1703283445,550
1703283446,96
1703283446,366
1703283506,844
1703287106,996
1703290706,27
1703290711,736
1703290711,907
1703290711,437
1703290711,373
1703290711,214
1703290711,450
1703290712,703
1703290717,645
1703290717,402
1703290718,972
1703290719,960
1703290720,206
1703290720,84
1703290720,67
1703290721,429
1703290722,470
1703290722,571
1703290722,573
1703290722,82
1703290782,709
1703290783,856
1703290783,281
1703290843,185
1703290843,471
1703290843,242
1703294443,892
1703294444,268
1703294454,399
1703294459,337
1703294460,880
1703294461,11
1703294466,961
1703294466,777
1703294476,663
1703294478,806
1703294480,383
1703294480,952
1703294540,836
1703294600,132
1703298200,279
1703298200,78
1703298201,796
1703298202,925
1703298202,563
1703298202,432
1703298207,770
1703298217,413
1703298217,169
1703298217,191
1703298217,381
1703298227,338
1703298227,82
1703298227,553
1703298287,523
1703298292,123
1703298302,321
1703298312,964
1703298314,393
1703298319,354
1703298320,730
1703298320,312
1703298320,501
1703298380,321
1703298380,917
1703298390,688
1703298392,278
1703298452,2
1703298454,94
1703298454,571
1703302054,655
1703302054,346
1703302054,541
1703302059,667
1703302059,68
1703302069,319
1703302069,313
1703305669,355
1703305670,867
1703305730,134
1703305730,853
1703305731,913
1703305731,315
1703305731,303
1703305732,756
1703305732,51
1703305732,256
1703309332,202
1703309332,574
1703309332,261
1703309337,876
1703309338,826
1703312938,844
1703312938,761
1703312998,386
1703312998,985
1703312998,905
1703313003,942
1703313004,379
1703313014,470
1703313015,834
1703313015,612
1703313075,496
1703313075,666
1703313135,129
1703313135,5
1703313136,967
1703313136,124
1703313196,29
1703313196,150
1703313196,676
1703313198,922
1703313199,438
1703313199,734
1703313259,734
1703313259,388
1703313261,82
1703313262,111
1703316862,940
1703316864,40
1703316924,638
1703316984,251
1703320584,97
1703324184,183
1703327784,829
1703327785,6
1703327785,606
1703331385,521
1703331386,536
1703334986,47
1703334986,178
1703334988,244
1703334993,584
1703338593,237
1703338593,512
1703338595,355
1703338595,822
1703338655,24
1703338656,59
1703342256,711
1703342256,727
1703342261,292
1703342321,137
1703342322,9
1703342323,582
1703345923,828
1703345928,408
1703345928,372
1703349528,4
1703349528,411
1703349588,612
1703349593,748
1703349594,640
1703349595,637
1703349596,874
1703349596,761
1703349596,964
1703349596,590
1703349606,437
1703349607,705
1703349667,823
1703349727,834
1703349787,591
1703349787,536
1703349787,893
1703349787,858
1703349792,876
1703349793,124
1703353393,646
1703353393,967
1703356993,448
1703357053,95
1703357053,289
1703360653,80
1703360653,727
1703364253,659
1703364258,975
1703364260,458
1703364320,708
1703364330,717
1703364330,636
1703364330,952
1703364335,466
1703364335,419
1703364335,95
1703364335,772
1703364335,757
1703364337,349
1703364338,725
1703364338,722
1703364338,608
1703364339,787
1703364341,677
1703364351,421
1703364361,564
1703364421,437
1703364421,256
1703364423,975
1703364423,44
1703364423,262
1703364423,676
1703364423,844
1703364423,174
1703364483,485
1703364484,168
1703364484,345
1703364494,252
1703364554,829
1703364614,520
1703364614,680
1703364615,381
1703364615,399
1703364615,44
1703364615,884
1703364615,82
1703364615,602
1703364675,740
1703364675,227
1703364675,106
1703364675,839
1703364685,902
1703364685,191
1703364685,873
1703364686,565
1703364686,153
1703364686,246
1703364686,633
1703364686,87
1703364696,214
1703364701,950
1703364701,737
1703368301,380
1703368301,865
1703368301,414
1703368361,549
1703368362,615
1703368362,113
1703371962,445
1703372022,292
1703372082,60
1703372082,667
1703372083,532
1703372083,426
1703372093,30
1703375693,230
1703375693,743
1703375703,754
1703375704,105
1703375709,216
1703375710,142
1703375770,251
1703375770,907
1703375830,27
1703375830,763
1703375840,114
1703375841,688
1703375851,754
1703375851,238
1703375851,384
1703375856,630
1703379456,213
1703379456,812
1703379456,946
1703379456,777
1703379458,808
1703379458,502
1703379463,162
1703379463,811
1703379464,794
1703379464,61
1703379464,661
1703383064,820
1703383066,650
1703383068,503
1703383128,151
1703383129,26
1703383129,18
1703383134,711
1703383144,294
1703383149,666
1703383150,905
1703383150,882
1703383155,998
1703383157,44
1703383159,84
1703383219,310
1703383219,973
1703383279,541
1703383280,302
1703383280,837
1703383281,806
1703383281,565
1703383283,269
1703383293,532
1703383294,832
1703383294,626
1703383295,510
1703383295,911
1703383355,725
1703383355,635
1703383355,668
1703383355,598
1703386955,821
1703386956,13
1703386956,775
1703386956,414
1703386966,377
1703386976,888
1703387036,172
1703387041,182
1703387042,272
1703387043,413
1703387043,203
1703387053,696
1703387053,5
1703390653,922
1703390663,171
1703390723,494
1703390723,202
1703390723,889
1703390724,15
1703390734,95
1703390744,989
1703390744,19
1703390745,269
1703390745,874
1703390755,726
1703390756,235
1703390816,286
1703390816,2
1703390876,402
1703390878,787
1703390879,950
1703390879,3
1703390880,679
1703390880,39
1703390880,178
1703390880,883
1703390880,750
1703390890,490
1703390890,199
1703390891,427
1703390891,471
1703390891,542
1703390896,443
1703390898,68
1703390899,605
1703390901,972
1703390961,969
1703390961,440
1703394561,490
1703394561,465
1703394561,465
1703394561,259
1703394563,288
1703394563,327
1703394563,162
1703394623,172
1703394625,923
1703394625,636
1703394625,406
1703398225,218
1703398225,267
1703398226,757
1703398231,366
1703398232,846
1703398234,275
1703398234,140
1703398234,327
1703398234,76
1703401834,171
1703401835,34
1703401845,657
1703401845,263
1703401845,594
1703401846,817
1703401846,661
1703401846,108
1703401856,929
1703401857,539
1703405457,272
1703405458,326
1703409058,571
1703409058,211
1703409058,401
1703409063,253
1703409063,823
1703409068,498
1703409078,915
1703409138,272
1703409140,158
1703409140,776
1703409140,820
1703409140,539
1703409140,613
1703409141,834
1703409151,553
1703409152,623
1703409153,898
1703409158,768
1703409163,230
1703412763,298
1703412763,93
1703412823,312
1703412825,83
1703412825,338
1703412827,994
1703412829,459
1703412830,126
1703412831,403
1703412831,447
1703412831,191
1703412831,204
1703412832,543
1703412833,677
1703412834,704
1703412894,752
1703412904,441
1703412905,670
1703412906,223
1703412906,632
1703412906,415
1703412906,235
1703412906,877
1703412907,582
1703412917,922
1703412927,999
1703412987,25
1703416587,881
1703416587,813
1703416588,122
1703420188,510
1703423788,650
1703423789,171
1703423794,919
1703423796,161
1703423856,172
1703423856,442
1703423856,601
1703423866,886
1703423866,207
1703423867,944
1703427467,140
1703427477,18
1703427477,670
1703427537,690
1703427597,279
1703427657,477
1703427658,972
1703427659,744
1703427659,412
1703427661,339
1703427661,418
1703427721,358
1703427726,384
1703427727,957
1703427728,116
1703427729,601
1703427729,364
1703427729,200
1703427729,316
1703431329,994
1703431329,416
1703431329,720
1703431339,961
1703431339,56
1703431339,226
1703431344,704
1703431344,175
1703434944,349
1703434945,264
1703434945,925
1703434947,418
1703434957,492
1703434958,696
1703434968,221
1703434973,450
1703434975,525
1703434975,878
1703434975,26
1703435035,546
1703435036,298
1703435041,375
1703435051,192
1703435052,355
1703435054,86
1703435055,91
1703438655,96
1703438657,248
1703438658,735
1703442258,488
1703442263,597
1703442268,749
1703442268,826
1703442268,309
1703442270,349
1703442270,257
1703442271,659
1703445871,998
1703445881,709
1703445883,541
1703445883,277
1703445883,877
1703445884,215
1703445884,298
1703445885,53
1703445945,871
1703445955,760
1703445955,801
1703449555,658
1703449555,211
1703449555,554
1703449555,191
1703449560,692
1703449560,520
1703453160,118
1703453161,455
1703456761,435
1703456761,949
1703456762,199
1703456762,627
1703456762,327
1703456762,31
1703460362,157
1703460362,889
1703460362,103
1703460362,158
1703460362,349
1703460367,49
1703460377,981
1703460387,227
1703460387,303
1703463987,261
1703463997,962
1703463997,368
1703463997,335
1703464007,589
1703464007,138
1703464008,623
1703467608,810
1703467608,153
1703467608,404
1703467608,124
1703467609,263
1703467609,536
1703467609,610
1703471209,401
1703471209,397
1703471209,776
1703471214,632
1703471214,790
1703471215,152
1703471215,630
1703471225,40
1703471285,753
1703471285,185
1703471287,66
1703471288,819
1703474888,172
1703478488,593
1703478488,169
1703478488,369
1703478488,721
1703478488,259
1703482088,410
1703482090,181
1703482100,948
1703482160,232
1703482160,196
1703482170,106
1703482170,96
1703482170,44
1703482175,673
1703482176,973
1703482236,538
1703482236,211
1703482236,476
1703482237,542
1703482239,721
1703482239,837
1703482244,114
1703485844,6
1703485844,965
1703485854,769
1703485854,732
1703485855,514
1703489455,882
1703489460,827
1703489460,41
1703489460,255
1703489461,744
1703489461,185
1703489461,743
1703489521,181
1703493121,592
1703493126,18
1703493127,673
1703496727,87
1703496737,693
1703496738,757
1703496798,283
1703496798,227
1703496858,912
1703496858,335
1703496858,164
1703496868,500
1703496873,558
1703496873,535
1703496874,546
1703496874,734
1703496934,347
1703496934,231
1703496935,179
1703496935,113
1703496937,538
1703496937,16
1703496937,923
1703500537,868
1703504137,319
1703504142,458
1703504152,285
1703504152,17
1703504153,246
1703504153,30
1703507753,67
1703507753,857
1703507813,577
1703507818,344
1703507819,918
1703507819,80
1703507821,129
1703507822,440
1703507823,940
1703507883,19
1703507884,559
1703507884,59
1703507944,473
1703507946,185
1703507947,930
1703508007,208
1703508012,277
1703508022,507
1703508082,801
1703508142,405
1703508142,150
1703508143,970
1703508143,474
1703508148,65
1703511748,878
1703515348,51
1703515353,840
1703515353,716
1703515413,717
1703515414,235
1703515474,274
1703515474,759
1703515474,22
1703519074,598
1703519084,709
1703519144,158
1703519145,461
1703519145,28
1703519150,785
1703519151,621
1703519151,225
1703519152,893
1703519153,630
1703519153,511
1703519158,536
1703519158,649
1703519159,181
1703519164,282
1703519165,0
1703519165,431
1703519166,646
1703519166,606
1703519226,433
1703519226,573
1703519226,955
1703519226,187
1703519226,401
1703519226,798
1703519228,824
1703519288,578
1703522888,997
1703522888,348
1703522889,800
1703522949,391
1703522949,244
1703523009,122
1703523069,88
1703523069,545
1703523079,749
1703523080,751
1703523081,511
1703523081,352
1703523082,0
1703523082,266
1703523082,235
1703523082,538
1703523084,442
1703523084,229
1703523084,230
1703523084,374
1703523085,87
1703523085,530
1703523085,447
1703523085,289
1703523086,575
1703523091,456
1703523093,648
1703523093,577
1703523093,131
1703523153,696
1703523154,129
1703523154,405
1703523155,688
1703523215,825
1703523275,421
1703523280,142
1703523281,319
1703523281,121
1703523281,716
1703523286,499
1703526886,148
1703526886,713
1703526891,4
1703530491,392
1703530492,139
1703534092,553
1703534102,908
1703534102,786
1703534162,90
1703534162,637
1703534167,219
1703537767,645
1703537777,963
1703537777,949
1703537777,554
1703541377,853
1703544977,257
1703544978,83
1703548578,986
1703548578,0
1703548638,44
1703548639,969
1703552239,218
1703552241,172
1703552241,112
1703552251,5
1703552256,238
1703552256,201
1703552256,974
1703552266,366
1703552266,293
1703552266,905
1703552266,14
1703552266,906
1703552271,583
1703552271,920
1703552273,611
1703552333,613
1703552334,712
1703555934,403
1703559534,451
1703559534,859
1703559544,763
1703563144,833
1703563144,872
1703563154,88
1703566754,137
1703566754,901
1703566756,257
1703566756,401
1703566816,991
1703566816,236
1703566816,784
1703566816,40
1703566821,660
1703566822,339
1703566832,917
1703566842,768
1703566842,288
1703566842,369
1703566852,765
1703566854,262
1703566855,649
1703566857,654
1703566862,534
1703566863,296
1703566873,589
1703566875,877
1703566875,566
1703566877,363
1703566877,367
1703566882,59
1703566882,532
1703566942,964
1703566943,654
1703570543,96
1703570543,578
1703570544,805
1703570544,288
1703570544,665
1703570554,43
1703570554,979
1703570554,153
1703570556,293
1703570566,874
1703570626,861
1703570686,169
1703570746,957
1703570751,386
1703570751,961
1703570751,893
1703570753,638
1703570753,827
1703570813,440
1703570815,872
1703570817,801
1703570818,723
1703570818,501
1703574418,11
1703574419,852
1703574419,592
1703574419,144
1703574424,868
1703574424,661
1703574434,781
1703574436,365
1703574496,429
1703574498,229
1703574498,98
1703574498,954
1703574498,349
1703574498,807
1703574500,164
1703574501,561
1703574503,700
1703574505,904
1703574507,467
1703574507,27
1703574512,762
1703574512,988
1703578112,773
1703578113,409
1703578118,151
1703578178,724
1703578178,538
1703578178,883
1703578178,450
1703578238,861
1703578240,789
1703578241,937
1703578242,365
1703581842,963
1703581852,948
1703581854,169
1703581859,115
1703585459,629
1703589059,373
1703589059,502
1703589061,51
1703589061,321
1703589062,825
1703589064,348
1703589064,172
1703589065,517
1703589065,649
1703589125,202
1703589126,950
1703589127,981
1703589127,228
1703589127,760
1703592727,788
1703592727,760
1703592727,113
1703592728,833
1703592738,487
1703592743,538
1703592748,909
1703592749,364
1703592749,669
1703592759,419
1703592764,440
1703592764,555
1703592764,325
1703592764,382
1703592765,63
1703592775,446
1703592785,23
1703596385,54
1703599985,278
1703603585,852
1703607185,60
1703607185,500
1703607245,472
1703607250,828
1703607250,534
1703607252,614
1703607312,605
1703607372,577
1703607374,916
1703607375,512
1703607380,705
1703607440,477
1703607441,306
1703607441,365
1703611041,917
1703611041,925
1703614641,188
1703614701,719
1703614701,506
1703614702,423
1703614703,573
1703614703,254
1703614703,886
1703614704,1
1703614704,119
1703614706,185
1703614706,953
1703614706,149
1703614708,73
1703614768,465
1703614769,521
1703614770,377
1703614770,127
1703614771,137
1703614781,853
1703618381,61
1703618383,915
1703618384,585
1703618384,450
1703618444,942
1703618444,581
1703618454,768
1703618455,168
1703618460,406
1703618461,871
1703618521,950
1703618523,874
1703618524,780
1703618525,276
1703618525,114
1703622125,833
1703622126,713
1703622186,770
1703622187,653
1703622187,204
1703622247,168
1703622249,225
1703622250,831
1703622250,830
1703622250,173
1703625850,873
1703625852,989
1703625852,429
1703625853,108
1703625913,517
1703625973,375
1703625975,686
1703625975,866
1703626035,839
1703626035,67
1703626036,206
1703626036,716
1703626046,686
1703626046,332
1703626046,930
1703626106,539
1703626106,174
1703626116,317
1703626116,416
1703629716,540
1703629716,37
1703629716,810
1703633316,688
1703633317,929
1703633318,493
1703636918,146
1703636978,668
1703636980,991
1703636980,538
1703636980,861
1703636980,948
1703636980,185
1703636985,890
1703636985,234
1703636995,844
1703636996,328
1703636996,624
1703637006,699
1703637006,9
1703637066,713
1703640666,717
1703640667,432
1703640669,644
1703640669,74
1703640729,758
1703640729,102
1703644329,680
1703644339,275
1703644340,151
1703644340,609
1703644400,468
1703644400,855
1703644460,39
1703648060,555
1703648060,581
1703648060,466
1703651660,718
1703651662,282
1703651664,711
1703651665,488
1703651665,465
1703651675,40
1703651676,837
1703651686,23
1703651686,908
1703651696,108
1703651756,413
1703651756,172
1703651756,43
1703651816,897
1703651821,885
1703655421,256
1703655421,485
1703655422,319
1703655482,315
1703655482,948
1703655483,280
1703655543,561
1703655544,365
1703655545,962
1703655546,473
1703655556,584
1703655616,799
1703655616,492
1703655618,533
1703655619,824
1703655619,424
1703655679,775
1703655679,787
1703655679,211
1703655680,41
1703655681,996
1703655683,863
1703655683,899
1703655688,67
1703655688,882
1703659288,401
1703659288,840
1703659290,211
1703659292,404
1703659302,231
1703659303,362
1703659304,464
1703659306,769
1703659307,959
1703659308,44
1703659308,338
1703659368,651
1703659368,199
1703659368,457
1703659370,341
1703659371,323
1703659381,267
1703659383,419
1703659383,493
1703662983,778
1703662993,578
1703662998,869
1703662998,658
1703662998,77
1703663003,371
1703663003,80
1703663003,450
1703663005,81
1703663006,157
1703666606,695
1703666608,808
1703666609,404
1703666611,409
1703666612,592
1703666622,399
1703666622,119
1703666624,66
1703666624,299
1703666684,200
1703666684,495
1703666684,509
1703666686,743
1703666686,420
1703666686,935
1703666691,211
1703670291,844
1703670301,967
1703670301,725
1703670361,698
1703670366,107
1703670376,358
1703670386,57
1703670386,103
1703670391,224
1703670393,982
1703670393,969
1703670393,552
1703670394,312
1703670395,247
1703670397,358
1703670402,758
1703670403,310
1703670403,909
1703670403,81
1703670404,486
1703670404,827
1703670404,987
1703674004,628
1703674004,550
1703674064,331
1703674064,35
1703674064,68
1703674064,501
1703674064,569
1703674064,332
1703674064,450
1703677664,874
1703677666,467
1703677726,936
1703677731,598
1703677741,45
1703677741,452
1703677741,437
1703677746,584
1703677747,65
1703677749,644
1703677809,112
1703677810,256
1703681410,739
1703681412,491
1703681412,604
1703681413,249
1703681418,670
1703685018,413
1703685019,792
1703688619,873
1703688619,897
1703688619,195
1703688624,510
1703688624,822
1703688625,692
1703692225,164
1703695825,694
1703695885,303
1703695890,910
1703695950,523
1703695950,701
1703695950,301
1703695955,294
1703695955,888
1703695957,785
1703695967,283
1703699567,18
1703699568,38
1703699568,614
1703699569,402
1703699569,344
1703699571,897
1703699573,620
1703699633,754
1703699633,486
1703699633,727
1703699633,414
1703699693,539
1703699693,511
1703699693,752
1703699693,752
1703699694,384
1703699699,924
1703699699,679
1703699759,504
1703699760,93
1703699760,209
1703699765,665
1703699775,834
1703699776,841
1703699776,598
1703699777,991
1703699837,44
1703699837,64
1703699838,313
1703699839,532
1703699899,443
1703703499,767
1703703501,77
1703703501,470
1703703506,897
1703703506,807
1703703508,727
1703703508,641
1703703508,249
1703703509,154
1703703509,256
1703703510,750
1703703515,645
1703707115,630
1703707115,589
1703707115,487
1703707115,759
1703710715,395
1703710715,475
1703710725,993
1703710735,737
1703710736,625
1703710736,375
1703714336,824
1703714336,634
1703714341,424
1703714342,723
1703714342,946
1703714343,638
1703717943,26
1703717945,297
1703718005,664
1703718005,377
1703718005,835
1703718006,215
1703718007,712
1703718007,950
1703718012,311
1703718072,299
1703718072,145
1703718082,345
1703721682,850
1703721682,940
1703721683,239
1703725283,646
1703725283,500
1703725284,257
1703725344,649
1703725344,762
1703725349,849
1703725350,857
1703725350,686
1703725352,829
1703725352,659
1703728952,279
1703728952,7
1703732552,760
1703732552,901
1703732552,974
1703732553,633
1703732558,934
1703732568,541
1703732573,593
1703732573,987
1703732574,377
1703732574,824
1703736174,787
1703736174,189
1703736174,831
1703736184,378
1703736184,676
1703736194,137
1703736196,34
1703736196,386
1703736196,316
1703736206,918
1703736266,337
1703736271,625
1703736271,943
1703736272,57
1703736273,172
1703736283,934
1703739883,373
1703739883,956
1703739943,242
1703743543,885
1703743543,497
1703743543,450
1703747143,155
1703747143,137
1703747143,26
1703747148,468
1703747148,706
1703747148,112
1703747148,848
1703747208,825
1703747268,686
1703747268,754
1703747269,833
1703747270,605
1703747270,549
1703747272,64
1703747274,40
1703750874,360
1703754474,351
1703758074,930
1703758075,962
1703758076,272
1703758077,476
1703758077,869
1703758078,660
1703761678,591
1703761683,262
1703761683,390
1703761693,680
1703761703,768
1703761708,225
1703761713,916
1703761713,693
1703761713,674
1703761713,291
1703761713,384
1703761713,352
1703761713,342
1703761718,744
1703761720,455
1703761721,847
1703761731,130
1703761741,993
1703761743,204
1703765343,143
1703765403,1
1703765413,319
1703765413,736
1703765423,293
1703765423,754
1703765483,527
1703765483,205
1703765483,279
1703765483,15
1703765484,572
1703765544,88
1703765544,652
1703765546,546
1703765546,200
1703765606,115
1703765606,209
1703765606,457
1703765616,701
1703765616,880
1703765621,499
1703765681,103
1703765681,101
1703765741,497
1703765742,36
1703765802,123
1703765802,607
1703765802,807
1703769402,156
1703769404,323
1703773004,886
1703773005,745
1703773007,678
1703773009,204
1703773014,408
1703773014,253
1703776614,873
1703776614,778
1703776674,680
1703776674,115
1703776674,654
1703776674,526
1703776734,206
1703776794,268
1703776794,875
1703780394,368
1703783994,244
1703783996,849
1703783997,454
1703783998,376
1703787598,407
1703791198,208
1703791199,19
1703791199,23
1703791200,310
1703791210,551
1703791210,990
1703791210,914
1703791211,350
1703791213,428
1703791213,548
1703791223,124
1703791223,437
1703791223,383
1703791233,68
1703791238,286
1703791298,687
1703791300,598
1703791300,150
1703791305,122
1703791305,912
1703791305,729
1703791305,539
1703794905,228
1703794906,895
1703794906,740
1703794906,233
1703794907,583
1703794907,729
1703794909,11
1703794909,448
1703794919,506
1703794921,732
1703794922,856
1703794927,999
1703794928,291
1703794929,821
1703794989,858
1703794989,763
1703794989,241
1703794989,54
1703794990,359
1703794995,126
1703794995,8
1703795055,614
1703795055,112
1703795057,412
1703795057,345
1703795067,637
1703795077,537
1703795077,693
1703795082,975
1703795082,221
1703795142,554
1703795143,30
1703798743,344
1703798803,731
1703798804,863
1703798805,804
1703798807,938
1703798817,752
1703798818,503
1703798820,842
1703798830,397
1703798840,565
1703798841,541
1703798901,9
1703802501,892
1703806101,539
1703806103,792
1703806108,755
1703806113,818
1703806113,735
1703806118,242
1703806118,418
1703809718,394
1703809718,982
1703809718,56
1703809718,497
1703809718,219
1703813318,940
1703816918,99
1703816978,870
1703816978,362
1703816978,982
1703816979,359
1703816981,797
1703816981,87
1703816981,277
1703816981,168
1703816981,251
1703816981,188
1703816982,338
1703817042,170
1703817042,830
1703820642,877
1703820642,272
1703820643,913
1703820653,782
1703820653,978
1703820653,924
1703824253,581
1703824258,101
1703827858,739
1703827860,237
1703827860,56
1703827861,918
1703827861,731
1703827861,984
1703827866,493
1703827866,598
1703827867,368
1703827867,379
1703827867,915
1703827868,571
1703827928,900
1703827928,130
1703827928,280
1703827928,797
1703827928,241
1703827938,917
1703827943,169
1703827943,188
1703827943,984
1703827944,265
1703827944,701
1703827944,641
1703827949,416
1703827951,961
1703827951,925
1703828011,664
1703828013,51
1703828018,146
1703828018,115
1703828023,48
1703828024,273
1703828029,766
1703828029,446
1703828030,835
1703828090,762
1703828090,46
1703828091,254
1703828101,365
1703828101,437
1703828161,306
1703828163,989
1703828165,998
1703828165,87
1703828165,881
1703828225,535
1703828226,446
1703828286,322
1703831886,285
1703831886,606
1703831886,772
1703831886,739
1703831887,768
1703831887,847
1703831892,842
1703831892,707
1703831894,330
1703831895,386
1703831895,314
1703831900,105
1703831901,273
1703831906,365
1703831907,711
1703831909,198
1703831910,193
1703831911,573
1703831912,694
1703831917,402
1703831918,842
1703831918,207
1703831978,663
1703831979,582
1703831979,394
1703832039,183
1703832040,182
1703832045,450
1703832045,308
1703832046,606
1703835646,915
1703835651,54
1703835651,691
1703835651,675
1703835652,799
1703835662,66
1703835662,553
1703835667,908
1703835668,936
1703835669,211
1703835671,82
1703835671,79
1703835672,872
1703835672,351
1703835673,257
1703835673,217
1703835673,286
1703839273,611
1703839273,533
1703842873,646
1703842873,171
1703842874,165
1703842875,95
1703842880,590
1703842940,97
1703842950,226
1703846550,64
1703846555,353
1703846560,874
1703846565,304
1703846570,916
1703846570,609
1703846571,598
1703846631,137
1703846631,971
1703846631,965
1703846632,600
1703846692,0
1703846752,984
1703846757,450
1703846767,548
1703850367,27
1703850368,132
1703850368,86
1703850378,769
1703850378,194
1703850380,301
1703850440,261
1703850500,988
1703850505,205
1703850505,36
1703854105,635
1703854110,700
1703857710,980
1703857710,843
1703857715,318
1703857715,604
1703857715,551
1703857715,423
1703857715,259
1703857717,88
1703857717,309
1703857719,878
1703857719,572
1703857729,454
1703857739,653
1703857744,730
1703857744,260
1703857744,564
1703857745,98
1703861345,140
1703861345,415
1703861346,43
1703861346,430
1703861346,72
1703861356,242
1703861356,924
1703861356,45
1703861366,614
1703864966,713
1703864967,791
1703864969,174
1703864969,340
1703864969,845
1703864974,856
1703864974,339
1703864984,139
1703864984,451
1703864994,373
1703865054,459
1703865054,261
1703865055,649
1703865065,68
1703865066,193
1703865066,815
1703865067,352
1703865072,546
1703865077,510
1703865082,645
1703865092,126
1703865097,230
1703865099,968
1703865109,663
1703865109,464
1703865109,755
1703865109,914
1703868709,218
1703868711,853
1703868712,942
1703872312,496
1703872312,8
1703872313,316
1703872318,306
1703872320,940
1703872320,496
1703872380,953
1703872381,193
1703872382,71
1703872382,380
1703872382,604
1703872383,59
1703872383,523
1703872383,543
1703872443,913
1703872443,986
1703876043,52
1703879643,119
1703879643,426
1703879643,47
1703879648,609
1703879650,85
1703879650,965
1703879660,956
1703883260,361
1703883260,763
1703883265,589
1703886865,499
1703886865,625
1703886865,406
1703886866,936
1703886868,679
1703886869,323
1703890469,78
1703894069,546
1703894069,447
1703894069,409
1703894079,863
1703894139,928
1703894140,293
1703894141,383
1703897741,788
1703897741,390
1703897742,373
1703897802,660
1703897812,839
1703897813,422
1703897815,17
1703897815,330
1703897817,922
1703897818,58
1703897828,923
1703897829,787
1703897831,669
1703897831,728
1703897891,95
1703897901,269
1703901501,383
1703901501,315
1703901501,506
1703901561,333
1703901562,28
1703901622,778
1703901627,871
1703901628,721
1703901628,852
1703901629,606
1703901639,849
1703901644,622
1703901644,646
1703901654,774
1703905254,94
1703908854,736
1703908859,650
1703908859,825
1703908859,152
1703908859,455
1703908861,607
1703908862,397
1703908862,433
1703908863,992
1703908864,339
1703908864,59
1703908874,143
1703908875,974
1703908877,987
1703908877,88
1703908882,217
1703908887,861
1703908947,491
1703908947,47
1703908948,51
1703908958,876
1703908958,670
1703908958,709
1703908959,285
1703909019,602
1703909020,30
1703912620,945
1703912621,627
1703916221,210
1703916223,905
1703916223,423
1703916223,185
1703916233,763
1703916234,152
1703916239,103
1703916239,532
1703919839,893
1703919841,861
1703919841,932
1703919841,909
1703919841,298
1703919843,760
1703919844,203
1703919904,658
1703919906,318
1703919907,379
1703919967,526
1703919967,236
1703919977,119
1703919977,128
1703919977,105
1703919977,714
1703919977,688
1703923577,432
1703923579,921
1703923579,814
1703923579,220
1703927179,104
1703927184,954
1703930784,382
1703930784,644
1703930844,955
1703930854,808
1703930914,118
1703930915,596
1703930915,359
1703930915,860
1703930916,580
1703930916,43
1703930916,149
1703930916,579
1703930918,125
1703930918,53
1703930919,612
1703930979,505
1703930980,949
1703930980,307
1703931040,101
1703931100,298
1703931105,972
1703931105,787
1703934705,37
1703934706,427
1703934711,760
1703934711,163
1703934711,341
1703934721,57
1703938321,272
1703938322,28
1703938322,283
1703938322,421
1703941922,385
1703941924,465
1703941984,881
1703941986,232
1703941986,919
1703941996,434
1703942001,406
1703942002,710
1703942003,551
1703942003,800
1703942004,811
1703942009,674
1703942019,13
1703942020,295
1703942021,989
1703942021,887
1703942021,96
1703942022,522
1703942023,778
1703942023,682
1703942024,268
1703942026,947
1703942028,655
1703942029,785
1703942029,927
1703942031,887
1703942031,117
1703942031,38
1703942031,248
1703942031,912
1703942031,550
1703942032,427
1703942032,103
1703942032,224
1703942033,925
1703945633,572
1703945633,931
1703945634,994
1703945634,769
1703945635,625
1703945635,817
1703949235,824
1703949295,71
1703949295,579
1703949295,975
1703949300,143
1703949300,316
1703949300,229
1703949360,402
1703949360,259
1703949360,519
1703949361,79
1703949361,781
1703949362,195
1703949362,872
1703949362,98
1703949362,797
1703949422,715
1703949427,98
1703949428,211
1703949428,504
1703949438,347
1703949439,506
1703949444,880
1703953044,188
1703953104,306
1703953164,986
1703953164,219
1703953165,207
1703953166,887
1703953171,805
1703953171,702
1703953171,943
1703953171,502
1703953176,541
1703953181,695
1703953181,274
1703953191,398
1703953191,697
1703953192,139
1703953192,206
1703956792,1
1703956802,262
1703956802,585
1703956803,270
1703956813,959
1703956813,220
1703956873,69
1703956873,335
1703956873,71
1703956873,828
1703956933,459
1703960533,347
1703960543,874
1703960545,503
1703960605,449
1703960605,2
1703960615,144
1703960615,91
1703960616,265
1703960616,355
1703960616,836
1703964216,34
1703964276,875
1703964276,965
1703964276,841
1703964276,164
1703964336,309
1703964336,202
1703964336,315
1703964336,428
1703964346,560
1703964351,653
1703967951,8
1703967952,291
1703971552,827
1703971552,9
1703971557,734
1703971559,669
1703971564,393
1703971565,701
1703971570,512
1703971630,703
1703971630,389
1703971631,562
1703971691,152
1703971692,563
1703971702,364
1703971707,145
1703971717,301
1703971717,313
1703971722,746
1703971727,717
1703971727,147
1703971727,694
1703971729,868
1703971734,466
1703971735,856
1703971736,389
1703971736,392
1703971796,824
1703971796,357
1703971856,929
1703971856,253
1703971856,881
1703971857,198
1703971917,604
1703971917,739
1703971917,470
1703971917,897
1703971917,705
1703971927,919
1703971927,242
1703971929,428
1703971930,81
1703971931,842
1703971931,1
1703971932,980
1703971932,156
1703971937,721
1703971947,481
1703971948,843
1703971953,341
1703975553,998
1703975553,134
1703975553,555
1703975613,232
1703975615,781
1703975615,617
1703975616,564
1703975676,111
1703975678,67
1703975678,476
1703979278,926
1703979279,441
1703982879,147
1703982879,694
1703982879,996
1703982880,619
1703982885,610
1703986485,856
1703986495,848
1703986500,38
1703990100,932
1703990102,112
1703990107,793
1703990108,44
1703990108,952
1703990118,419
1703990120,33
1703990180,364
1703990181,422
1703990181,250
1703990182,949
1703990187,668
1703990188,565
1703990188,282
1703993788,179
1703993788,855
1703993788,279
1703993790,487
1703993790,915
1703993790,923
1703993790,652
1703993795,458
1703993796,380
1703993796,152
1703993806,710
1703993811,428
1703993813,335
1703993818,785
1703993818,433
1703993823,558
1703993823,866
1703993823,334
1703993823,231
1703993825,739
1703997425,705
1703997435,820
1703997435,575
1703997435,113
1703997495,299
1703997495,251
1703997505,127
1703997507,230
1703997507,655
1703997509,990
1703997514,258
1703997514,650
1703997515,309
1703997525,494
1703997530,369
1703997531,964
1703997531,158
1703997536,932
1703997536,478
1703997537,948
1703997537,311
1704001137,222
1704001138,650
1704001143,369
1704001143,664
1704004743,133
1704004803,975
1704004804,159
1704004804,524
1704004809,160
1704004809,810
1704004869,249
1704004869,595
1704004869,9
1704004869,841
1704008469,453
1704012069,15
1704012069,979
1704012070,431
1704015670,180
1704015670,818
1704015680,948
1704015681,733
1704015681,937
1704015691,570
1704015701,371
1704015701,449
1704019301,32
1704019303,308
1704019305,432
1704019305,2
1704022905,283
1704022910,138
1704022915,309
1704022916,506
1704022916,540
1704022917,507
1704022918,724
1704022928,239
1704022929,528
1704026529,889
1704026529,983
1704026534,327
1704026535,715
1704026540,328
1704026541,299
1704026541,49
1704026541,777
1704026546,891
1704026546,767
1704026546,773
1704026606,132
1704026616,456
1704026618,282
1704026619,242
1704030219,556
1704030219,959
1704033819,799
1704033819,942
1704037419,397
1704037420,389
1704037430,837
1704037432,73
1704037432,854
1704037433,297
1704037434,142
1704037434,491
1704037434,683
1704037435,484
1704037435,102
1704037435,933
1704037436,62
1704037436,873
1704041036,669
1704041036,340
1704041096,537
1704041098,946
1704041098,614
1704041098,398
1704041098,289
1704041103,830
1704041163,564
1704041163,851
1704041164,883
1704041164,157
1704041165,370
1704041165,742
1704041166,22
1704041226,730
1704041236,81
1704041236,955
1704041237,695
1704041238,862
1704041239,377
1704041239,621
1704041249,261
1704044849,322
1704048449,483
1704048454,427
1704048454,70
1704048455,598
1704048457,774
1704048457,151
1704048467,495
1704048469,269
1704048479,378
1704048479,999
1704048479,506
1704048479,782
1704048481,811
1704048491,292
1704052091,135
1704052151,866
1704052161,333
1704052162,574
1704052162,239
1704052172,796
1704052172,310
1704052182,434
1704052192,597
1704052193,84
1704052194,456
1704052195,515
1704052195,851
1704052195,166
1704052196,144
1704052196,307
1704052256,370
1704052256,781
1704052261,451
1704052271,20
1704052281,736
1704052341,127
1704052351,552
1704052353,265
1704052353,810
1704052353,725
1704052353,731
1704052363,995
1704052363,569
1704052373,476
1704052373,436
1704052374,684
1704052374,869
1704052379,591
1704055979,592
1704055979,549
1704055979,614
1704055979,951
1704056039,847
1704056099,509
1704056100,868
1704056100,969
1704056100,337
1704056101,626
1704056161,167
1704056161,788
1704056161,675
1704056166,372
1704056166,534
1704056166,468
1704056176,852
1704056186,184
1704059786,462
1704059787,557
1704059787,897
1704059787,472
1704059787,680
1704059847,294
1704059847,478
1704059847,11
1704059907,753
1704059907,15
1704059917,930
1704059917,447
1704063517,888
1704063519,42
1704063521,574
1704063526,167
1704063527,144
1704063528,950
1704063529,900
1704063529,10
1704063589,683
1704063649,806
1704063649,16
1704063659,866
1704063660,160
1704063660,725
1704063665,320
1704063666,555
1704063726,440
1704063731,519
1704063731,983
1704063731,693
1704063741,219
1704067341,337
1704067341,93
1704067341,748
1704067401,382
1704067461,909
1704067461,344
1704067461,505
1704067462,818
1704067462,292
1704067463,429
1704067464,177
1704067465,130
1704067470,436
1704067480,941
1704067481,44
1704071081,400
1704071081,242
1704071081,873
1704071081,186
1704071082,314
1704071082,159
1704071082,0
1704071142,277
1704071142,530
1704071143,84
1704071143,368
1704071203,321
1704071203,664
1704071204,408
1704074804,248
1704074804,581
1704074806,237
1704078406,287
1704078407,737
1704082007,718
1704082017,230
1704082017,86
1704082018,968
1704082018,603
1704082018,723
1704082018,907
1704082019,288
1704082021,595
1704082021,442
1704082022,119
1704082082,194
1704082082,696
1704082092,544
1704082094,477
1704082094,478
1704082094,675
1704082154,157
1704082155,459
1704082215,608
1704082216,181
1704082216,506
1704082217,243
1704082217,808
1704082277,969
1704082287,324
1704082288,458
1704082288,451
1704082289,465
1704082290,507
1704085890,958
1704085891,689
1704085891,262
1704085893,458
1704085953,104
1704085954,992
1704085954,390
1704085954,880
1704085954,693
1704086014,110
1704086014,157
1704086024,450
1704089624,2
1704089626,780
1704089627,686
1704089632,319
1704089632,522
1704089633,728
1704089634,64
1704089636,875
1704089638,334
1704089638,303
1704089643,7
1704093243,565
1704096843,964
1704096843,71
1704096843,127
1704096903,638
1704096903,883
1704096903,964
1704096904,323
1704096909,32
1704096909,182
1704096909,520
1704096969,954
1704096969,879
1704096969,917
1704096969,338
1704096970,64
1704100570,409
1704100572,268
1704100574,416
1704100575,67
1704100577,976
1704100577,30
1704100582,823
1704104182,167
1704104183,76
1704104184,553
1704104184,506
1704104184,401
1704107784,486
1704107844,416
1704107849,156
1704107849,751
1704107849,499
1704107851,694
1704107851,62
1704107911,520
1704107911,992
1704107911,551
1704107911,237
1704107916,349
1704107916,174
1704107976,67
1704107976,987
1704107976,406
1704107976,152
1704108036,724
1704108096,67
1704108098,20
1704108108,168
1704108109,60
1704108109,181
1704108169,802
1704108169,129
1704108171,364
1704108171,518
1704108173,906
1704108173,947
1704108178,983
1704108178,13
1704108178,139
1704108188,706
1704108190,895
1704108190,673
1704108190,101
1704108190,867
1704108250,134
1704108251,158
1704108251,241
1704108253,468
1704108253,618
1704108253,206
1704108255,680
1704108255,210
1704108256,720
1704108256,273
1704108257,1
1704108257,445
1704108317,554
1704108317,335
1704111917,305
1704111917,271
1704111917,327
1704111918,293
1704111919,479
1704111924,396
1704111924,530
1704111984,362
1704111986,689
1704111986,812
1704111988,569
1704115588,948
1704115590,594
1704115591,349
1704119191,515
1704119196,427
1704119196,230
1704119196,141
1704119198,20
1704122798,390
1704122799,973
1704122800,786
1704122802,199
1704122804,824
1704122814,553
1704122874,845
1704122876,303
1704122876,138
1704122936,453
1704122936,225
1704122946,794
1704122946,545
1704122946,974
1704122946,747
1704122947,541
1704122947,419
1704122948,83
1704126548,108
1704126548,568
1704126549,789
1704126549,385
1704126549,653
1704126609,465
1704126609,921
1704126609,391
1704126609,560
1704126609,709
1704126609,224
1704126611,190
1704126611,998
1704126611,779
1704126671,475
1704126672,919
1704130272,103
1704130332,173
1704130332,179
1704130334,449
1704130335,161
1704130336,561
1704130341,684
1704130343,864
1704130344,10
1704130344,657
1704130349,801
1704130409,302
1704130410,456
1704130412,265
1704130413,819
1704130418,250
1704130418,141
1704130418,427
1704130428,414
1704130428,265
1704130429,36
1704130429,109
1704130489,550
1704130490,475
1704130550,612
1704130551,940
1704130551,899
1704130552,936
1704134152,190
1704134152,685
1704134152,859
1704134152,422
1704134162,175
1704134172,330
1704134177,434
1704134177,740
1704134177,171
1704134178,934
1704134238,271
1704134239,754
1704134239,215
1704134240,47
1704134240,715
1704134240,34
1704134250,556
1704134255,753
1704134255,567
1704134265,850
1704134266,562
1704134266,207
1704134276,140
1704134276,823
1704137876,231
1704137881,190
1704137881,955
1704137881,91
1704137881,557
1704137886,294
1704137891,382
1704137896,595
1704137898,96
1704137898,465
1704137899,650
1704137900,431
1704137901,317
1704137901,200
1704137901,365
1704137901,840
1704141501,779
1704141501,981
1704141501,626
1704141503,722
1704145103,95
1704145104,367
1704145106,996
1704145106,899
1704145116,479
1704145117,675
1704145122,936
1704145122,475
1704145124,536
1704145125,752
1704145126,355
1704145128,996
1704145128,563
1704145138,237
1704145198,159
1704145199,128
1704145199,94
1704145199,166
1704148799,508
1704148799,720
1704148859,579
1704148859,251
1704148859,401
1704148859,878
1704148864,172
1704152464,154
1704152464,401
1704152464,972
1704152474,940
1704152534,262
1704152539,716
1704152541,837
1704156141,828
1704156146,84
1704156146,708
1704159746,501
1704159751,806
1704159753,583
1704159754,322
1704159756,612
1704159816,826
1704159816,413
1704159818,195
1704159823,850
1704159828,757
1704159828,31
1704159828,230
1704159828,154
1704159829,219
1704159830,158
1704159832,32
1704159833,647
1704159833,174
1704159833,843
1704159834,51
1704159835,835
1704159895,541
1704159955,363
1704163555,989
1704163555,106
1704163555,884
1704163555,15
1704163560,550
1704163560,639
1704163560,231
1704163620,857
1704163620,285
1704163620,718
1704163625,85
1704163627,584
1704163628,53
1704163628,669
1704163629,896
1704163629,555
1704163629,237
1704163689,815
1704163694,425
1704163696,301
1704163696,332
1704163696,766
1704163696,484
1704163697,100
1704163698,898
1704163698,167
1704163698,774
1704163698,820
1704167298,378
1704170898,230
1704170898,244
1704170903,894
1704174503,743
1704174504,90
1704174505,770
1704178105,121
1704178106,777
1704178106,35
1704178106,371
1704181706,318
1704181716,112
1704181717,363
1704181717,951
1704181727,634
1704181727,611
1704181728,903
1704181733,360
1704181734,106
1704181794,472
1704181796,205
1704181806,588
1704181806,736
1704181806,417
1704181806,441
1704181811,837
1704181812,877
1704181812,199
1704181813,342
1704181813,416
1704181873,717
1704181873,451
1704185473,715
1704185533,167
1704189133,514
1704189133,96
1704189193,363
1704189193,144
1704189203,250
1704189203,190
1704189203,898
1704189203,109
1704189208,748
1704189209,66
1704189209,497
1704189209,345
1704189210,629
1704192810,25
1704192812,852
1704192822,120
1704192822,874
1704192824,384
1704192829,260
1704192829,915
1704192829,777
1704192830,434
1704192830,951
1704192831,669
1704196431,134
1704196431,671
1704196431,291
1704196432,734
1704196437,682
1704196438,439
1704196440,438
1704196500,683
1704196500,394
1704196502,317
1704196507,526
1704196507,498
1704196507,286
1704196507,614
1704196507,601
1704196517,914
1704196519,914
1704196520,736
1704196520,319
1704196522,868
1704196522,728
1704196582,29
1704196583,84
1704196584,652
1704196594,100
1704200194,719
1704200195,212
1704200195,75
1704200196,30
1704200197,93
1704200199,41
1704200199,236
1704200199,75
1704200199,651
1704200259,405
1704200319,950
1704200319,250
1704200319,10
1704200379,891
1704200379,511
1704200381,693
1704200382,964
1704200382,106
1704200382,508
1704200383,275
1704200384,922
1704200384,317
1704203984,864
1704204044,616
1704204045,173
1704204055,860
1704204056,522
1704204057,990
1704204067,360
1704204068,233
1704204078,593
1704204078,759
1704204088,193
1704204089,309
1704204090,340
1704204100,665
1704204100,30
1704204102,101
1704204104,704
1704204114,862
1704204124,387
1704204125,116
1704204125,86
1704204185,249
1704204186,156
1704204186,582
1704204187,287
1704204188,619
1704204188,207
1704204188,329
1704204190,280
1704204250,440
1704204310,867
1704204320,166
1704204330,855
1704204340,160
1704204340,563
1704204340,335
1704204340,900
1704204340,137
1704204340,977
1704204340,230
1704204340,264
1704204350,210
1704204350,392
1704207950,382
1704207951,44
1704207953,223
1704207958,294
1704211558,34
1704211563,410
1704211563,557
1704211563,743
1704211573,475
1704211573,91
1704215173,629
1704215233,570
1704215243,509
1704215245,522
1704215245,311
1704215247,39
1704215247,958
1704215248,120
1704215249,265
1704218849,852
1704218850,60
1704218851,646
1704218852,305
1704218857,935
1704218857,418
1704218857,87
1704218862,59
1704218922,986
1704218922,283
1704218922,286
1704218927,518
1704218987,214
1704218992,534
1704218997,150
1704218997,105
1704218997,37
1704218997,374
1704219007,962
1704219009,195
1704219009,761
1704219009,480
1704219019,656
1704219019,480
1704219020,389
1704219030,530
1704219032,289
1704219033,684
1704219093,821
1704219094,493
1704219094,497
1704219095,552
1704219095,844
1704219105,536
1704219105,50
1704219110,729
1704219120,648
1704219125,976
1704219126,374
1704219136,599
1704219136,54
1704219146,95
1704219151,829
1704219161,832
1704219162,731
1704219162,180
1704219162,101
1704219163,228
1704219163,947
1704219223,480
1704219224,215
1704219224,280
1704219224,311
1704219225,194
1704219225,428
1704219225,630
1704219225,723
1704219225,295
1704219225,596
1704219285,174
1704219290,453
1704222890,175
1704222890,594
1704222892,431
1704222893,884
1704222894,906
1704222895,544
1704222895,59
1704222896,421
1704222896,539
1704222898,370
1704226498,158
1704226508,930
1704226568,876
1704226628,462
1704226638,447
1704226648,236
1704230248,246
1704230258,716
1704230318,66
1704230318,142
1704230320,770
1704233920,763
1704233922,707
1704233922,45
1704237522,885
1704237532,44
1704237534,187
1704237539,675
1704237541,177
1704237543,168
1704237553,567
1704237553,331
1704237555,340
1704237556,596
1704237556,916
1704237561,770
1704237561,469
1704241161,439
1704241162,326
1704241222,786
1704241227,963
1704241227,925
1704241227,929
1704241228,292
1704241228,752
1704241233,544
1704241234,588
1704241244,722
1704241244,65
1704244844,941
1704244844,993
1704244844,883
1704244845,907
1704248445,963
1704248455,584
1704248457,882
1704248462,366
1704248522,882
1704248523,996
1704248524,317
1704252124,404
1704252134,620
1704252194,816
1704252199,732
1704252259,686
1704252259,691
1704252259,629
1704252259,277
1704252264,349
1704252269,993
1704252270,237
1704252271,35
1704252331,159
1704252331,359
1704252391,460
1704252391,169
1704252391,836
1704252391,494
1704252391,711
1704252391,423
1704252391,649
1704252393,65
1704252394,820
1704252394,42
1704252395,195
1704252395,552
1704252400,410
1704252400,885
1704252400,644
1704252402,306
1704252403,432
1704252405,81
1704252405,388
1704252405,387
1704252406,194
1704252466,615
1704252476,897
1704252536,608
1704256136,795
1704256146,558
1704256148,618
1704256148,142
1704256208,587
1704256209,202
1704256209,802
1704256209,70
1704256210,398
1704256210,427
1704256211,215
1704256212,754
1704256222,410
1704256222,309
1704256223,853
1704256224,130
1704256284,259
1704256284,733
1704256284,207
1704256284,809
1704256286,375
1704259886,220
1704259946,374
1704259946,175
1704259946,644
1704259946,807
1704263546,789
1704267146,480
1704267146,189
1704267156,535
1704267156,341
1704270756,423
1704270756,795
1704270766,946
1704270771,703
1704270772,897
1704270772,404
1704270772,103
1704274372,532
1704274377,609
1704274378,727
1704274378,881
1704274378,932
1704274378,288
1704274379,143
1704274379,577
1704274380,820
1704274440,455
1704274442,154
1704274443,699
1704274443,403
1704274443,144
1704274443,441
1704274503,913
1704274503,683
1704274503,295
1704274503,395
1704274504,751
1704274505,752
1704274507,670
1704274507,280
1704278107,840
1704278107,670
1704278107,230
1704278107,589
1704278108,745
1704278113,811
1704278113,88
1704278114,97
1704278119,729
1704278119,59
1704281719,995
1704281719,86
1704281729,278
1704281731,962
1704281791,650
1704281791,142
1704281791,722
1704281851,645
1704281911,977
1704281911,820
1704281911,442
1704281912,871
1704281912,901
1704281972,878
1704285572,805
1704285573,238
1704285583,343
1704285583,154
1704289183,991
1704289188,964
1704289190,97
1704289200,526
1704289200,62
1704289201,843
1704289203,522
1704289204,651
1704289264,718
1704289324,265
1704289324,154
1704289325,432
1704289325,451
1704289385,839
1704289385,596
1704289390,543
1704289390,107
1704289391,257
1704289391,603
1704289391,32
1704289391,415
1704289396,996
1704289396,155
1704289456,629
1704289456,324
1704293056,26
1704293058,339
1704293060,149
1704293070,766
1704293070,760
1704293130,539
1704293130,796
1704293130,638
1704293135,625
1704296735,775
1704296795,490
1704296795,497
1704296796,50
1704296801,332
1704296801,897
1704300401,160
1704300401,781
1704300401,655
1704300403,742
1704300413,760
1704300423,797
1704300423,729
1704300423,174
1704300424,231
1704304024,349
1704304026,285
1704304036,797
1704304036,863
1704304046,653
1704307646,760
1704311246,4
1704311306,264
1704311306,338
1704311306,709
1704311316,445
1704311316,798
1704311376,4
1704311378,480
1704311438,676
1704311438,110
1704311439,203
1704311439,247
1704311449,324
1704311451,918
1704311451,277
1704315051,519
1704315056,365
1704315057,151
1704315057,650
1704315117,855
1704315117,877
1704315122,958
1704315122,930
1704315123,360
1704315124,763
1704315124,775
1704315129,387
1704315130,350
1704315130,298
1704318730,221
1704318730,88
1704318730,623
1704318730,645
1704318731,710
1704318731,511
1704318741,972
1704318741,613
1704318741,298
1704318741,383
1704318742,296
1704322342,739
1704322352,778
1704322362,257
1704325962,469
1704325962,271
1704325962,208
1704325963,458
1704325963,689
1704325968,741
1704325973,559
1704325975,342
1704325985,72
1704325990,492
1704326000,346
1704326001,848
1704326061,243
1704326061,924
1704326066,268
1704326066,64
1704326076,166
1704326086,516
1704326096,587
1704326101,295
1704326102,596
1704326103,769
1704326105,655
1704326115,528
1704326175,813
1704326185,776
1704326185,461
1704326186,833
1704326187,164
1704326189,336
1704326189,2
1704326189,611
1704329789,511
1704329799,399
1704329859,334
1704329859,779
1704329859,605
1704329869,604
1704333469,424
1704333479,732
1704333539,403
1704333539,23
1704333539,513
1704333540,984
1704333545,846
1704333546,148
1704337146,104
1704337146,630
1704340746,912
1704340806,952
1704340866,85
1704340866,378
1704340866,199
1704340866,195
1704344466,452
1704344476,136
1704344486,349
1704344486,49
1704344496,384
1704348096,740
1704348096,275
1704348101,475
1704348102,545
1704348112,670
1704348172,538
1704348172,813
1704348172,646
1704348172,803
1704348182,727
1704351782,557
1704351782,943
1704351782,473
1704351792,843
1704351852,172
1704351912,534
1704351912,975
1704351912,811
1704351913,238
1704351914,708
1704351974,393
1704351974,574
1704351974,452
1704351974,390
1704352034,415
1704352039,579
1704352041,41
1704352041,913
1704352041,276
1704352042,426
1704352044,264
1704352045,382
1704352045,502
1704352105,387
1704352105,869
1704352110,64
1704352110,509
1704352115,990
1704352175,966
1704352180,144
1704352240,610
1704352240,109
1704352241,601
1704352241,749
1704352241,219
1704352242,423
1704352252,884
1704355852,269
1704355852,558
1704355853,75
1704355863,284
1704355864,844
1704355869,232
1704355871,539
1704355871,422
1704355872,158
1704355872,333
1704355872,307
1704355873,548
1704359473,222
1704359473,678
1704359474,711
1704359476,897
1704359476,893
1704359476,773
1704359476,578
1704359476,992
1704363076,625
1704363078,201
1704366678,768
1704366738,76
1704366738,830
1704366740,716
1704366741,288
1704366801,778
1704366811,477
1704366811,321
1704366812,396
1704366812,759
1704366822,931
1704366832,228
1704366892,793
1704366894,962
1704366896,568
1704366897,333
1704366897,529
1704366897,600
1704366897,606
1704366897,870
1704366897,13
1704366898,319
1704366908,39
1704366918,338
1704366978,329
1704366979,332
1704366980,596
1704366990,777
1704366990,989
1704366990,190
1704366990,363
1704366991,855
1704366991,372
1704366991,326
1704367001,167
1704367003,555
1704367005,303
1704367015,165
1704367015,415
1704367017,888
1704367022,683
1704367022,200
1704367082,110
1704367092,334
1704367102,157
1704370702,611
1704370702,155
1704370702,345
1704370703,807
1704370703,147
1704370704,413
1704370704,861
1704370705,350
1704370706,46
1704370707,866
1704370767,545
1704370767,98
1704370767,720
1704370777,646
1704370787,719
1704370792,792
1704370793,171
1704374393,709
1704374393,772
1704374393,453
1704374395,876
1704374396,709
1704374456,762
1704374516,203
1704374516,473
1704374517,419
1704374517,826
1704374517,524
1704378117,95
1704378117,890
1704378127,664
1704378128,24
1704378133,684
1704378133,142
1704378133,242
1704378143,826
1704378148,601
1704378208,189
1704378208,188
1704378208,465
1704378208,811
1704381808,329
1704385408,419
1704385408,98
1704385410,889
1704385410,991
1704385410,561
1704385470,94
1704385470,385
1704385475,317
1704385535,907
1704385595,810
1704385596,654
1704385606,733
1704385607,833
1704385607,501
1704385607,605
1704385607,587
1704385608,818
1704385608,189
1704389208,962
1704392808,787
1704392808,717
1704392809,864
1704392810,56
1704392810,30
1704392810,723
1704396410,746
1704396410,227
1704396415,558
1704396416,887
1704396416,276
1704396416,28
1704396417,927
1704396418,868
1704396419,431
1704396419,109
1704396419,492
1704396420,345
1704396420,302
1704396420,7
1704396420,641
1704396480,874
1704396480,280
1704396485,127
1704396486,0
1704396546,37
1704396546,589
1704396606,3
1704396616,396
1704396676,480
1704396677,238
1704396682,456
1704396742,453
1704396742,539
1704396743,284
1704396745,979
1704396746,307
1704396747,697
1704396748,290
1704396748,436
1704396749,733
1704396749,237
1704396750,556
1704396750,413
1704396751,986
1704396811,870
1704396871,162
1704396871,252
1704396871,945
1704396876,767
1704396886,611
1704396887,704
1704396947,567
1704396947,718
1704396947,835
1704400547,957
1704400552,271
1704400562,726
1704400562,190
1704400562,892
1704404162,715
1704404163,84
1704404173,758
1704404183,483
1704404185,151
1704404185,633
1704404185,405
1704407785,874
1704407790,228
1704407790,254
1704407850,328
1704407855,448
1704407856,67
1704407916,22
1704407916,31
1704411516,264
1704415116,805
1704415116,456
1704415116,817
1704415116,92
1704418716,585
1704418718,182
1704418719,110
1704418724,885
1704418724,857
1704418729,624
1704418731,699
1704418731,147
1704418731,546
1704418741,646
1704418741,834
1704418741,317
1704418746,258
1704418747,839
1704418747,551
1704422347,623
1704422352,63
1704422352,929
1704422352,420
1704422352,282
1704422352,460
1704422357,220
1704422357,317
1704422357,104
1704422359,732
1704422369,616
1704422379,792
1704425979,462
1704425979,205
1704425979,603
1704425989,673
1704425990,728
1704429590,308
1704429650,61
1704429660,300
1704433260,151
1704433261,983
1704433262,591
1704433322,660
1704433382,186
1704433382,244
1704433442,31
1704437042,574
1704437043,965
1704437043,287
1704437053,136
1704437058,919
1704437058,426
1704440658,925
1704440718,804
1704444318,347
1704447918,839
1704447918,439
1704447918,155
1704447978,536
1704447980,936
1704447982,713
1704447982,23
1704447987,449
1704451587,597
1704451587,972
1704451587,254
1704451592,256
1704451593,110
1704455193,306
1704458793,622
1704462393,301
1704462453,726
1704462458,583
1704462459,808
1704462459,323
1704462464,919
1704462524,232
1704466124,696
1704466125,627
1704466125,807
1704466125,509
1704466125,337
1704466126,160
1704466126,186
1704466126,656
1704466126,506
1704466126,477
1704466136,163
1704466136,58
1704466137,574
1704466138,368
1704466143,602
1704466203,140
1704466203,836
1704466203,63
1704466203,407
1704466203,819
1704466203,285
1704466203,983
1704466203,301
1704466203,385
1704466208,614
1704466210,592
1704466210,670
1704469810,776
1704469812,204
1704469812,873
1704469817,812
1704469817,927
1704469822,146
1704469823,136
1704469833,806
1704469833,542
1704469838,256
1704469838,569
1704469848,838
1704469850,569
1704469852,572
1704469852,348
1704469852,589
1704469852,265
1704469852,201
1704469857,911
1704469857,559
1704469862,41
1704469862,51
1704469862,733
1704469862,964
1704469863,418
1704469868,143
1704469869,823
1704469870,987
1704469870,543
1704469875,259
1704469875,476
1704469875,182
1704473475,205
1704473480,129
1704473480,570
1704473540,820
1704477140,20
1704480740,589
1704480741,931
1704480741,196
1704480741,166
1704480743,427
1704480803,82
1704480813,629
1704480814,120
1704480815,824
1704480816,400
1704480818,465
1704480819,327
1704480879,0
1704480879,519
1704480879,890
1704480889,776
1704480894,190
1704480899,106
1704480900,770
1704480910,901
1704480910,46
1704480970,45
1704480970,911
1704480970,599
1704481030,831
1704481032,884
1704481037,615
1704481042,940
1704481042,901
1704481052,475
1704481062,54
1704481072,319
1704481082,71
1704481092,144
1704481094,819
1704481095,789
1704484695,348
1704484700,813
1704484701,390
1704484711,16
1704484711,820
1704484712,627
1704484714,305
1704484714,38
1704484716,889
1704488316,470
1704488376,979
1704488376,255
1704488376,349
1704488386,715
1704488387,252
1704488392,863
1704488397,505
1704488457,423
1704488457,274
1704488462,975
1704488463,407
1704488464,123
1704492064,772
1704492065,451
1704492066,801
1704495666,226
1704495676,630
1704495676,473
1704495678,161
1704495678,498
1704495678,245
1704495678,993
1704495679,815
1704495680,302
1704495680,419
1704495690,178
1704495691,53
1704495692,505
1704495693,582
1704495693,120
1704495694,534
1704495695,882
1704495696,131
1704495696,835
1704499296,854
1704499356,483
1704499416,448
1704499416,274
1704499418,221
1704499419,694
1704499419,803
1704499420,672
1704499421,387
1704499421,137
1704499481,712
1704499481,720
1704499541,705
1704499541,3
1704499541,797
1704499543,35
1704499543,33
1704499543,272
1704499548,705
1704499548,951
1704499549,965
1704499549,349
1704499559,952
1704499560,777
1704499565,737
1704499565,191
1704499565,133
1704499625,14
1704499625,581
1704499635,724
1704499645,288
1704503245,867
1704503250,523
1704503250,773
1704503251,593
1704503251,477
1704503252,142
1704503262,51
1704503262,740
1704503264,91
1704503266,258
1704503268,882
1704506868,766
1704506868,428
1704506928,599
1704506928,507
1704506930,663
1704506932,39
1704510532,379
1704514132,551
1704514132,668
1704514134,180
1704514134,871
1704514135,458
1704514136,561
1704514136,960
1704514136,229
1704514136,384
1704514136,751
1704514136,62
1704517736,616
1704517736,692
1704517738,679
1704517739,136
1704517739,924
1704517741,957
1704521341,598
1704521351,83
1704521352,81
1704521354,844
1704521414,552
1704521415,961
1704521420,430
1704525020,366
1704525080,703
1704525081,473
1704525091,801
1704525091,474
1704525091,985
1704525093,721
1704525093,452
1704525153,546
1704528753,288
1704528755,381
1704528815,497
1704528875,205
1704528876,996
1704528877,86
1704528887,304
1704528897,489
1704528898,516
1704528898,538
1704528898,16
1704528900,634
1704528902,633
1704528902,499
1704528907,528
1704532507,450
1704532509,393
1704536109,865
1704536119,941
1704536129,500
1704536130,542
1704536132,462
1704536137,427
1704536137,978
1704536147,601
1704536147,789
1704536152,717
1704536154,805
1704536154,168
1704536154,853
1704536159,708
1704536219,835
1704536279,624
1704536339,47
1704536344,317
1704539944,234
1704539944,168
1704539954,817
1704540014,692
1704540014,597
1704540015,84
1704543615,788
1704543675,727
1704543676,612
1704543677,187
1704543677,232
1704543682,582
1704543742,689
1704543742,958
1704543752,992
1704543812,966
1704547412,117
1704547412,270
1704547417,419
1704551017,478
1704554617,337
1704554618,625
1704554618,557
1704554628,967
1704554628,613
1704554628,748
1704554633,114
1704554638,640
1704554643,777
1704554644,125
1704554645,577
1704554645,184
1704554645,695
1704554705,610
1704554706,443
1704554706,804
1704554707,830
1704554707,278
1704558307,242
1704558307,267
1704558309,61
1704558369,723
1704558379,862
1704558381,568
1704558382,155
1704558383,860
1704558383,488
1704558393,575
1704558403,331
1704558413,730
1704558418,331
1704558419,189
1704558419,669
1704558419,854
1704558420,487
1704558421,151
1704558423,87
1704558483,732
1704558483,5
1704558488,189
1704558489,476
1704558490,425
1704562090,460
1704562090,207
1704562095,882
1704562096,900
1704562156,490
1704562156,728
1704562216,415
1704562216,512
1704562217,950
1704562217,213
1704562217,330
1704562218,218
1704562278,784
1704562338,926
1704562339,7
1704562339,719
1704562341,146
1704562341,444
1704562341,923
1704562346,94
1704562346,151
1704562346,180
1704562346,847
1704562346,139
1704562346,129
1704565946,207
1704565946,250
1704565951,489
1704566011,951
1704566013,153
1704566013,705
1704566013,609
1704566014,607
1704566014,501
1704566019,314
1704566019,57
1704566020,206
1704566022,412
1704566027,496
1704566027,447
1704566087,620
1704566088,538
1704566088,311
1704566088,524
1704566098,279
1704566098,771
1704566098,752
1704566098,802
1704566099,523
1704569699,31
1704569709,859
1704569769,984
1704569774,698
1704569774,452
1704569775,118
1704569776,841
1704569776,576
1704569777,884
1704569777,185
1704569779,864
1704569781,451
1704569781,85
1704569783,423
1704573383,578
1704576983,385
1704576983,993
1704580583,859
1704580584,886
1704580594,631
1704580594,139
1704580594,12
1704580594,799
1704580594,950
1704580594,45
1704580594,242
1704580596,359
1704580596,555
1704580596,318
1704580656,449
1704580656,130
1704580656,620
1704580661,934
1704580671,568
1704580672,85
1704580672,371
1704580677,197
1704580737,461
1704580737,958
1704580737,589
1704580737,215
1704580738,961
1704584338,201
1704584338,48
1704584348,382
1704584353,31
1704584363,985
1704584363,223
1704584363,472
1704584363,459
1704584363,945
1704584365,430
1704584366,863
1704587966,782
1704587967,390
1704587967,849
1704587967,213
1704587972,500
1704587973,351
1704587975,621
1704588035,927
1704588037,193
1704588042,123
1704588042,895
1704588043,633
1704588045,914
1704588046,850
1704588056,44
1704588056,551
1704588056,671
1704588056,308
1704588066,172
1704588126,512
1704588126,58
1704591726,549
1704591786,298
1704591796,554
1704591796,616
1704591801,762
1704591801,283
1704591802,909
1704591803,1
1704591813,644
1704591813,266
1704591813,298
1704591815,431
1704591816,196
1704591816,67
1704595416,201
1704595476,912
1704595536,783
1704595596,223
1704595596,39
1704595598,622
1704595599,120
1704595599,199
1704595600,897
1704595601,835
1704595611,557
1704595671,902
1704595671,90
1704595672,847
1704595674,52
1704595674,492
1704595676,503
1704595677,262
1704595682,110
1704595684,494
1704595685,183
1704595685,728
1704595695,823
1704595697,865
1704595702,694
1704595707,507
1704595767,311
1704595769,405
1704595769,411
1704595771,781
1704595772,191
1704595773,685
1704595773,630
1704595775,888
1704595777,732
1704599377,28
1704599377,521
1704599378,576
1704599378,485
1704599379,340
1704599389,56
1704599391,626
1704599392,613
1704602992,891
1704602997,802
1704602997,930
1704603007,581
1704603008,829
1704603009,830
1704603009,179
1704603069,624
1704603079,341
1704603139,60
1704603139,179
1704603139,503
1704603140,315
1704603200,808
1704603201,604
1704606801,655
1704610401,880
1704610402,348
1704610403,416
1704610404,129
1704614004,792
1704614064,214
1704614065,168
1704614066,213
1704614076,247
1704614076,223
1704614136,891
1704614136,984
1704614137,214
1704614147,183
1704614147,54
1704614149,929
1704614154,232
1704614154,159
1704614155,855
1704614155,996
1704614156,318
1704614157,484
1704614158,646
1704614159,732
1704614160,748
1704614162,756
1704614167,776
1704614169,845
1704617769,365
1704617774,375
1704617774,934
1704617776,269
1704617776,135
1704617777,557
1704617782,4
1704617782,745
1704617782,965
1704617782,185
1704617782,587
1704621382,23
1704624982,136
1704624983,321
1704624988,13
1704624988,290
1704624989,75
1704624991,681
1704624996,699
1704625056,409
1704625061,115
1704625063,767
1704625063,838
1704625064,549
1704625065,389
1704628665,809
1704628670,948
1704628670,695
1704628670,281
1704628680,325
1704628681,815
1704628691,45
1704628693,746
1704628693,347
1704628698,122
1704628703,218
1704628763,950
1704628763,396
1704628823,283
1704632423,642
1704632424,298
1704632425,368
1704632425,68
1704632425,732
1704632426,763
1704632486,92
1704632486,309
1704632486,740
1704636086,439
1704639686,47
1704639687,710
1704639687,400
1704639689,988
1704639689,842
1704639691,970
1704639692,130
1704639752,966
1704643352,264
1704643412,654
1704643417,259
1704643417,656
1704643477,745
1704643487,867
1704643487,45
1704643487,866
1704643489,865
1704643489,683
1704643490,248
1704643491,789
1704643492,347
1704643493,710
1704643493,418
1704643493,161
1704643493,867
1704643493,118
1704643493,19
1704643493,295
1704643493,461
1704643493,431
1704643498,37
1704643503,133
1704643504,293
1704643504,522
1704643509,790
1704643510,435
1704643570,216
1704643570,91
1704643571,489
1704643571,120
1704647171,901
1704647231,699
1704647231,229
1704647233,560
1704647234,32
1704647234,395
1704647239,140
1704647239,612
1704647240,723
1704647240,143
1704647240,19
1704647240,564
1704647250,196
1704650850,658
1704654450,883
1704654460,143
1704654462,411
1704654462,465
1704658062,634
1704658062,729
1704658063,333
1704658123,479
1704658124,589
1704658124,776
1704658134,396
1704658134,500
1704658134,435
1704658136,415
1704658137,752
1704658137,996
1704658138,114
1704658138,638
1704658140,601
1704658140,354
1704658140,712
1704658200,70
1704658202,828
1704658204,622
1704658209,778
1704658211,209
1704661811,851
1704661811,269
1704661821,227
1704661821,591
1704661821,993
1704661826,634
1704661828,957
1704661828,814
1704661888,803
1704661888,277
1704661890,447
1704661950,769
1704662010,60
1704662010,1
1704662015,652
1704662025,732
1704662030,977
1704662030,58
1704662031,330
1704662032,891
1704662032,607
1704662033,163
1704662033,377
1704662038,114
1704662039,333
1704662039,279
1704662039,948
1704662039,417
1704662040,184
1704665640,577
1704665700,714
1704669300,189
1704669310,264
1704669311,629
1704669316,184
1704669376,306
1704669378,819
1704672978,64
1704672978,831
1704672983,554
1704672983,445
1704676583,416
1704676588,760
1704676598,833
1704676600,162
1704676600,822
1704676660,288
1704676720,444
1704680320,385
1704680321,138
1704680321,304
1704680321,189
1704680326,296
1704680326,807
1704680326,35
1704680336,881
1704680396,669
1704680396,69
1704680396,337
1704680396,822
1704680456,771
1704680461,77
1704680461,485
1704680471,846
1704684071,434
1704684081,811
1704684083,986
1704684143,210
1704684148,588
1704684149,519
1704687749,459
1704687749,30
1704687750,462
1704687751,820
1704687811,283
1704687812,965
1704687822,550
1704687822,616
1704687882,444
1704687882,918
1704687883,297
1704687888,823
1704687898,35
1704687898,342
1704687908,929
1704687913,451
1704687923,676
1704687925,174
1704687925,572
1704687985,566
1704687985,96
1704687990,288
1704691590,224
1704691590,910
1704691600,728
1704691610,777
1704691620,467
1704695220,936
1704695225,911
1704695235,51
1704695236,939
1704695236,588
1704695296,541
1704695296,819
1704695301,909
1704695301,475
1704698901,94
1704698901,844
1704698901,975
1704698911,667
1704698916,399
1704698916,213
1704702516,742
1704702521,887
1704702521,964
1704702581,296
1704702581,539
1704706181,854
1704709781,639
1704709781,952
1704709781,403
1704709783,754
1704709783,21
1704709843,379
1704709843,924
1704709903,765
1704709903,731
1704709963,275
1704709964,898
1704709969,433
1704709969,254
1704709969,817
1704709970,967
1704709975,815
1704709980,155
1704709980,933
1704709980,289
1704709982,929
1704709983,297
1704709984,907
1704713584,973
1704713589,519
1704713649,67
1704713651,72
1704713651,181
1704713652,623
1704713712,917
1704713713,879
1704713713,274
1704717313,69
1704717318,749
1704717319,940
1704717324,921
1704717334,505
1704717334,207
1704717335,674
1704720935,198
1704720935,563
1704720936,291
1704720938,905
1704720948,728
1704720948,678
1704720948,227
1704720948,452
1704721008,742
1704721010,614
1704721011,90
1704721016,920
1704721018,457
1704721023,94
1704721028,616
1704721028,692
1704721028,965
1704721029,253
1704721030,682
1704724630,429
1704724690,811
1704724691,33
1704724751,561
1704724751,354
1704724752,113
1704724752,222
1704724752,357
1704724754,466
1704724814,768
1704724874,930
1704728474,835
1704728474,727
1704728474,763
1704728484,502
1704728489,591
1704728489,440
1704728489,595
1704728489,343
1704728494,891
1704728495,372
1704728497,139
1704728557,282
1704728557,152
1704728558,559
1704728563,858
1704728565,301
1704728566,354
1704728567,753
1704728568,497
1704728568,968
1704728569,285
1704728570,533
1704728580,413
1704728580,245
1704728580,829
1704728580,772
1704728640,111
1704728640,813
1704728640,350
1704728640,118
1704728641,962
1704728701,170
1704728702,299
1704728703,282
1704728703,348
1704732303,126
1704732363,801
1704732364,305
1704732364,296
1704732364,348
1704732369,675
1704735969,772
1704735969,117
1704735979,110
1704735979,509
1704735979,302
1704735979,125
1704736039,217
1704736039,408
1704736039,645
1704736049,792
1704736109,302
1704736119,112
1704736119,102
1704736121,54
1704736121,919
1704736121,216
1704736121,694
1704736122,140
1704736122,348
1704736122,815
1704736123,274
1704736124,143
1704736124,597
1704736124,496
1704739724,442
1704739725,216
1704743325,861
1704743325,353
1704743330,258
1704743335,164
1704743345,718
1704743347,839
1704743407,316
1704743417,352
1704743417,804
1704743419,728
1704743419,303
1704743419,315
1704743424,814
1704743424,324
1704743434,7
1704743444,649
1704743444,193
1704747044,672
1704747046,486
1704747046,122
1704747048,651
1704747049,341
1704747050,921
1704747050,440
1704747051,581
1704750651,448
1704750661,90
1704754261,78
1704754261,712
1704754263,399
1704754323,534
1704754323,596
1704754323,452
1704754328,206
1704754328,685
1704754328,547
1704754388,1000
1704754388,196
1704754388,651
1704754388,517
1704754390,500
1704754390,714
1704754391,433
1704754396,83
1704754396,140
1704754396,664
1704754397,597
1704754397,340
1704754397,933
1704754399,472
1704754399,480
1704754409,117
1704758009,407
1704758010,950
1704758010,609
1704758010,670
1704758010,406
1704758020,35
1704758020,595
1704761620,266
1704765220,768
1704765220,190
1704765220,162
1704768820,104
1704768820,234
1704768821,441
1704768822,62
1704768827,997
1704768827,210
1704768827,537
1704768832,270
1704768832,867
1704768832,169
1704768834,21
1704768894,169
1704768894,190
1704768896,591
1704768896,156
1704768896,660
1704772496,952
1704772497,126
1704772497,451
1704772498,616
1704772499,934
1704772559,906
1704772619,201
1704772624,409
1704772624,657
1704772684,273
1704772684,322
1704772685,378
1704772745,300
1704772745,782
1704772746,26
1704772748,715
1704772758,998
1704772758,126
1704772758,277
1704772768,304
1704772768,955
1704772768,759
1704772768,73
1704772828,396
1704772828,529
1704772828,3
1704772828,435
1704776428,846
1704780028,713
1704780028,798
1704780033,361
1704780034,713
1704783634,62
1704783636,501
1704783636,160
1704783636,902
1704783636,398
1704783638,968
1704783639,349
1704783639,594
1704783641,59
1704783642,138
1704783642,27
1704783643,602
1704783645,708
1704783646,695
1704783651,875
1704783651,844
1704787251,878
1704787252,331
1704787254,580
1704787314,98
1704787314,438
1704787324,50
1704787325,115
1704787325,103
1704787325,578
1704787385,221
1704787387,274
1704787387,89
1704787447,894
1704787447,359
1704787447,951
1704787449,148
1704787449,493
1704787449,814
1704791049,260
1704791051,763
1704791061,940
1704791071,431
1704791076,233
1704791078,110
1704791079,91
1704791081,796
1704791086,898
1704791086,919
1704791088,906
1704791093,721
1704791093,72
1704791093,214
1704791093,38
1704791094,378
1704791154,805
1704791154,280
1704791155,786
1704791155,546
1704791215,288
1704791217,826
1704791227,368
1704791228,550
1704791228,13
1704791288,324
1704791288,566
1704791348,169
1704791353,765
1704791353,146
1704791358,308
1704791358,635
1704791358,411
1704791418,987
1704791418,42
1704791418,14
1704791419,33
1704791479,897
1704791479,32
1704791479,8
1704795079,586
1704795079,767
1704795079,839
1704795081,892
1704795086,728
1704795091,855
1704795092,679
1704795092,84
1704795092,199
1704795092,796
1704795093,813
1704795095,412
1704795096,254
1704795097,491
1704795097,779
1704795097,709
1704795097,711
1704795099,759
1704795099,169
1704795099,385
1704795099,524
1704795099,358
1704795100,288
1704795160,595
1704795162,858
1704795162,752
1704798762,50
1704798764,958
1704798765,960
1704798766,471
1704798768,128
1704798778,909
1704798838,84
1704798838,461
1704802438,539
1704802438,193
1704802439,400
1704802439,942
1704802439,652
1704802440,233
1704802440,226
1704802440,747
1704802445,22
1704802445,911
1704802455,865
1704802456,76
1704802456,588
1704802456,451
1704802456,606
1704802466,61
1704802467,196
1704802467,281
1704802468,592
1704802469,369
1704802474,939
1704802476,880
1704806076,896
1704806076,53
1704806076,849
1704806076,974
1704806076,831
1704806076,331
1704806076,85
1704809676,673
1704809676,984
1704809678,274
1704809678,760
1704809678,165
1704809680,496
1704809680,594
1704809680,609
1704809681,503
1704809682,76
1704809682,388
1704809692,442
1704809697,194
1704809698,387
1704809698,139
1704809708,341
1704809718,650
1704809719,674
1704809719,207
1704809720,995
1704809720,183
1704813320,667
1704813321,880
1704813331,497
1704813331,875
1704813341,241
1704813343,312
1704813348,339
1704816948,433
1704816949,70
1704816950,113
1704817010,976
1704817070,508
1704817070,927
1704817070,882
1704817070,378
1704820670,686
1704820670,543
1704824270,102
1704824280,702
1704824285,103
1704824285,779
1704824287,709
1704824288,212
1704824348,213
1704824350,573
1704824352,946
1704824357,703
1704824367,101
1704824367,185
1704824367,948
1704824427,459
1704824427,875
1704824487,832
1704824547,882
1704824552,627
1704824553,444
1704824613,780
1704824618,687
1704824618,867
1704824619,394
1704824621,221
1704824621,352
1704824626,611
1704824628,218
1704824629,449
1704824629,558
1704824631,612
1704824631,383
1704824632,454
1704824634,543
1704824634,702
1704828234,465
1704831834,944
1704831839,797
1704831899,426
1704831899,118
1704835499,123
1704835504,726
1704835514,376
1704835514,540
1704835515,352
1704835516,843
1704835526,675
1704839126,791
1704839131,687
1704839131,991
1704839136,924
1704842736,996
1704842746,409
1704842806,797
1704842808,669
1704842808,921
1704842808,927
1704842808,366
1704842809,208
1704842819,473
1704842819,490
1704842819,432
1704842819,750
1704842829,795
1704842831,936
1704842891,637
1704842951,896
1704842951,205
1704842951,338
1704843011,461
1704843021,390
1704843026,392
1704846626,128
1704850226,756
1704850227,465
1704850227,935
1704850228,4
1704850233,272
1704850233,886
1704850234,207
1704850294,437
1704850294,549
1704853894,995
1704853894,567
1704853904,102
1704853904,121
1704853909,724
1704853969,558
1704854029,233
1704854029,993
1704854030,712
1704854035,899
1704854095,29
1704854096,409
1704854156,635
1704854156,645
1704854156,148
1704854157,801
1704854157,527
1704854217,570
1704854217,415
1704854218,459
1704854278,887
1704854278,570
1704854278,364
1704854278,739
1704854283,935
1704854285,995
1704854295,305
1704854295,693
1704854295,457
1704854296,888
1704854306,241
1704854306,848
1704857906,718
1704857916,287
1704857916,127
1704857918,819
1704857919,95
1704857919,685
1704857929,614
1704857934,620
1704857935,43
1704857935,453
1704857940,788
1704857941,451
1704857941,591
1704857941,532
1704857946,241
1704857946,607
1704861546,344
1704861547,983
1704861549,507
1704861550,782
1704861550,379
1704861555,701
1704861555,130
1704861555,494
1704861555,845
1704861555,470
1704861557,999
1704861558,7
1704861558,811
1704861559,601
1704865159,524
1704865219,27
1704868819,670
1704868819,325
1704868819,189
1704868820,45
1704868821,573
1704868822,731
1704868823,183
1704868823,728
1704868828,667
1704868828,765
1704868828,450
1704868830,797
1704868832,228
1704868832,887
1704868842,122
1704868847,575
1704868907,917
1704868917,635
1704868922,63
1704868932,279
1704868937,779
1704868937,37
1704868947,465
1704868949,420
1704868949,803
1704868949,566
1704868949,344
1704868949,844
1704868959,709
1704868960,803
1704868965,370
1704872565,913
1704872575,399
1704876175,894
1704876175,324
1704876176,441
1704876186,422
1704876187,839
1704876197,826
1704879797,757
1704879797,289
1704879797,165
1704879857,159
1704879857,885
1704879857,82
1704879858,976
1704879863,493
1704879864,671
1704879874,921
1704879879,393
1704879939,2
1704879949,7
1704879949,319
1704879950,391
1704879960,430
1704879960,711
1704879970,51
1704879970,20
1704879970,718
1704879980,442
1704879990,781
1704879990,998
1704879990,428
1704883590,451
1704883591,553
1704883596,224
1704883596,705
1704883606,686
1704883606,984
1704883607,607
1704883608,845
1704883608,248
1704883609,708
1704883669,686
1704883729,354
1704883729,212
1704883730,816
1704883730,800
1704883731,886
1704883732,683
1704883732,728
1704883742,809
1704883744,254
1704883746,113
1704883748,751
1704883758,584
1704883758,308
1704883759,259
1704883760,527
1704883760,678
1704883760,938
1704883760,33
1704883761,103
1704883761,65
1704883761,905
1704883821,872
1704887421,139
1704887422,964
1704887423,749
1704887424,406
1704887424,976
1704887424,267
1704887434,907
1704887434,743
1704887434,288
1704891034,695
1704891044,273
1704891054,497
1704891054,427
1704891055,423
1704891055,268
1704891065,604
1704891065,504
1704891066,513
1704891071,372
1704891131,98
1704891136,358
1704891136,697
1704891137,63
1704891137,637
1704891137,262
1704891138,79
1704891139,656
1704891139,475
1704891140,441
1704891140,441
1704891200,774
1704891201,914
1704891202,144
1704891202,711
1704891212,529
1704891212,4
1704891217,527
1704891277,579
1704891337,833
1704891347,890
1704891347,585
1704891357,761
1704894957,747
1704894957,758
1704894957,774
1704894957,264
1704894957,994
1704894967,644
1704894967,682
1704898567,864
1704898572,477
1704898577,306
1704898578,418
1704902178,593
1704902180,956
1704902180,974
1704902190,608
1704902191,488
1704902196,222
1704905796,529
1704905798,60
1704909398,449
1704909403,769
1704909404,853
1704909405,604
1704909406,293
1704909406,289
1704909406,652
1704909407,959
1704909408,396
1704909408,571
1704909418,606
1704909478,96
1704909478,290
1704913078,451
1704913078,131
1704913138,731
1704913148,586
1704913150,341
1704913155,228
1704913157,865
1704913158,891
1704913218,524
1704913219,514
1704913229,339
1704916829,635
1704916834,45
1704916835,860
1704916845,418
1704916845,470
1704916845,440
1704916845,886
1704916845,248
1704916845,694
1704916846,870
1704916851,843
1704916856,167
1704916857,224
1704916857,274
1704920457,151
1704920462,89
1704920522,891
1704920522,639
1704920522,737
1704924122,966
1704924124,163
1704924124,916
1704924126,284
1704927726,553
1704927727,454
1704927728,456
1704927729,941
1704931329,248
1704931329,346
1704931329,70
1704931389,551
1704931389,13
1704931394,558
1704931394,62
1704931399,276
1704931399,449
1704934999,918
1704934999,213
1704934999,477
1704934999,48
1704935000,261
1704935000,924
1704935002,338
1704935003,450
1704935004,704
1704935009,204
1704935011,786
1704935012,338
1704935012,352
1704935013,107
1704935018,39
1704935020,88
1704935021,944
1704935022,537
1704935023,50
1704935024,879
1704935024,15
1704935024,291
1704935024,979
1704935025,39
1704935085,708
1704935086,532
1704935086,536
1704935086,981
1704935087,975
1704938687,944
1704938747,219
1704938748,477
1704938749,452
1704938809,707
1704938809,517
1704938819,600
1704942419,693
1704942419,842
1704942424,750
1704942424,292
1704942424,827
1704942425,591
1704942430,475
1704946030,322
1704946090,898
1704946095,133
1704946097,169
1704946097,20
1704946098,542
1704949698,326
1704949699,991
1704949704,316
1704949764,864
1704949824,423
1704949824,664
1704949826,191
1704949831,393
1704949891,857
1704949901,541
1704949903,842
1704953503,696
1704953508,377
1704953508,960
1704953568,268
1704953568,96
1704953568,984
1704953569,509
1704953569,994
1704953569,667
1704953569,205
1704953571,894
1704953571,446
1704953571,99
1704953631,286
1704957231,375
1704957291,122
1704957291,132
1704957293,298
1704957295,271
1704957355,583
1704957355,444
1704957360,255
1704957420,285
1704957421,632
1704957423,642
1704957423,339
1704957424,342
1704957429,795
1704957430,318
1704957430,666
1704957431,611
1704957431,959
1704961031,110
1704961031,614
1704961031,420
1704964631,747
1704964631,833
1704964691,601
1704964692,395
1704964692,613
1704964752,380
1704964812,387
1704968412,122
1704968414,880
1704968414,568
1704968416,989
1704968416,159
1704968416,581
1704968418,154
1704968478,110
1704972078,586
1704972080,983
1704972082,587
1704972082,766
1704972083,320
1704972143,801
1704972153,222
1704972158,971
1704972218,957
1704972220,559
1704972220,817
1704972222,8
1704972222,221
1704975822,859
1704975823,957
1704975823,976
1704975823,24
1704975823,63
1704975833,848
1704975834,1000
1704975835,631
1704975837,378
1704979437,328
1704979439,908
1704983039,927
1704983039,755
1704983039,896
1704983039,378
1704983039,954
1704983041,760
1704983051,342
1704983051,967
1704983051,584
1704983051,744
1704983051,302
1704983061,192
1704986661,251
1704986661,401
1704986662,228
1704986663,625
1704986723,160
1704986733,479
1704986735,427
1704986735,257
1704986735,171
1704990335,190
1704990335,25
1704990335,186
1704990335,410
1704993935,888
1704993935,385
1704993940,993
1704993941,199
1704993941,498
1704993942,872
1704993942,539
1704993943,119
1704993948,755
1704993958,218
1704993960,644
1704993961,879
1704993971,793
1704997571,854
1704997573,688
1704997573,855
1704997573,294
1704997574,954
1704997574,921
1704997574,934
1704997576,681
1704997586,398
1704997587,819
1704997587,846
1704997588,484
1704997588,969
1704997593,838
1704997594,149
1705001194,73
1705001194,589
1705001199,936
1705001199,692
1705001209,46
1705001209,49
1705004809,963
1705004809,388
1705004809,124
1705004869,821
1705004869,75
1705008469,710
1705008479,972
1705008480,837
1705008480,772
1705008481,317
1705008486,629
1705008488,134
1705008493,232
1705008493,766
1705008493,781
1705008494,533
1705008495,466
1705008500,496
1705008501,551
1705008502,835
1705008503,860
1705008504,819
1705008514,780
1705008574,729
1705008576,162
1705008576,467
1705008577,182
1705008577,581
1705008637,456
1705008647,164
1705008647,967
1705008647,142
1705012247,601
1705012248,420
1705012248,309
1705012308,496
1705015908,191
1705015910,458
1705015910,656
1705015911,720
1705015911,451
1705015911,150
1705015912,703
1705015972,483
1705015982,263
1705015992,74
1705015993,880
1705019593,912
1705019653,861
1705019653,617
1705019653,314
1705023253,13
1705023253,66
1705023254,283
1705023255,961
1705023260,60
1705023260,564
1705023262,972
1705023272,220
1705023277,621
1705023287,211
1705023289,470
1705023290,428
1705023350,560
1705023352,613
1705023362,748
1705023363,725
1705023365,156
1705023365,798
1705023365,571
1705023366,431
1705023367,358
1705023367,367
1705023427,492
1705027027,737
1705030627,733
1705030627,638
1705030628,199
1705030633,182
1705030633,448
1705030634,108
1705030634,511
1705030694,957
1705030704,990
1705030705,291
1705030715,784
1705030720,686
1705030720,710
1705030730,222
1705030740,742
1705030740,215
1705030740,642
1705030740,486
1705030740,743
1705030745,359
1705030745,870
1705030746,488
1705034346,750
1705034347,742
1705034352,881
1705034353,582
1705037953,200
1705038013,192
1705038013,637
1705038013,838
1705038023,0
1705038024,318
1705038025,354
1705038025,772
1705038026,457
1705041626,728
1705041626,755
1705041626,511
1705041686,369
1705041746,421
1705041746,486
1705041751,853
1705041811,209
1705041821,297
1705041821,152
1705041821,129
1705045421,131
1705045422,881
1705045432,401
1705045432,338
1705045434,844
1705045439,155
1705045440,224
1705045445,334
1705045450,973
1705045450,215
1705045450,647
1705045460,915
1705045460,929
1705045460,160
1705045460,713
1705045470,253
1705045470,706
1705045530,952
1705045540,130
1705045540,183
1705049140,990
1705052740,948
1705052750,189
1705056350,810
1705059950,646
1705059950,832
1705059960,601
1705059962,675
1705059967,288
1705059967,87
1705059967,585
1705059969,775
1705059970,781
1705059971,50
1705059971,820
1705059971,116
1705060031,831
1705063631,134
1705063631,242
1705067231,676
1705067236,758
1705067236,233
1705067236,302
1705067236,455
1705067238,892
1705067238,392
1705067298,177
1705067299,537
1705070899,39
1705074499,285
1705074499,542
1705074501,780
1705074501,191
1705074561,281
1705074566,433
1705074568,387
1705074568,178
1705074573,87
1705074574,852
1705074575,490
1705074575,433
1705074576,570
1705074576,9
1705074636,580
1705074638,859
1705074638,937
1705074638,290
1705074638,363
1705074639,175
1705074640,199
1705074645,558
1705074650,38
1705078250,921
1705078310,149
1705078315,402
1705078315,757
1705078375,195
1705078375,165
1705078376,817
1705078376,517
1705081976,389
1705081986,563
1705081986,307
1705081986,584
1705081986,40
1705081986,852
1705081986,562
1705081996,8
1705081997,818
1705081999,967
1705085599,600
1705085600,562
1705085601,35
1705085606,76
1705085606,380
1705085606,974
1705085608,958
1705085618,921
1705085620,167
1705085630,889
1705085630,99
1705085690,600
1705085695,667
1705085695,306
1705085695,982
1705085755,78
1705085755,1
1705085755,183
1705085755,283
1705085815,71
1705089415,543
1705093015,31
1705093015,463
1705093017,998
1705096617,345
1705096618,611
1705096678,395
1705096678,18
1705096688,806
1705096693,15
1705096693,299
1705100293,577
1705100293,95
1705100294,896
1705100294,427
1705100304,299
1705100309,826
1705100309,3
1705103909,178
1705103909,704
1705103909,324
1705103969,899
1705103970,680
1705104030,288
1705104030,258
1705104090,115
1705107690,953
1705107690,709
1705107690,332
1705107690,173
1705107690,137
1705107695,939
1705107696,242
1705107696,271
1705107697,255
1705107697,863
1705107697,801
1705107707,474
1705107707,188
1705107707,987
1705107708,393
1705107708,713
1705107708,21
1705111308,131
1705111310,972
1705111311,317
1705111312,440
1705111312,452
1705111314,47
1705111315,717
1705111315,527
1705111325,278
1705111330,278
1705111330,695
1705111330,969
1705111330,797
1705111330,176
1705111340,356
1705111340,620
1705111342,32
1705111342,948
1705111352,26
1705111352,351
1705111352,600
1705111412,911
1705111412,592
1705111414,696
1705111415,870
1705111417,789
1705111477,902
1705111478,802
1705111479,912
1705111489,782
1705111489,673
1705111489,238
1705111490,102
1705111490,469
1705115090,519
1705115095,260
1705115100,148
1705115100,69
1705118700,200
1705118705,468
1705118715,79
1705118716,525
1705118716,171
1705118717,723
1705118717,593
1705118717,538
1705118717,502
1705118717,495
1705122317,783
1705125917,773
1705125927,933
1705125929,836
1705125929,573
1705125934,736
1705125944,89
1705125945,216
1705125945,883
1705125946,362
1705125946,642
1705129546,343
1705129556,752
1705129566,888
1705129571,882
1705129573,140
1705129575,247
1705129580,247
1705129590,490
1705129590,972
1705129591,611
1705129592,761
1705129592,811
1705129602,338
1705129603,930
1705129603,968
1705129608,857
1705129613,395
1705129614,149
1705129614,186
1705129615,697
1705129617,743
1705133217,790
1705133217,541
1705133219,483
1705133224,709
1705133224,811
1705133229,492
1705133230,829
1705133230,421
1705133240,625
1705133245,29
1705133246,621
1705136846,272
1705136846,178
1705136846,552
1705136851,269
1705136851,56
1705136853,91
1705136863,635
1705136865,210
1705136866,910
1705136871,136
1705136931,964
1705136931,251
1705136936,659
1705136938,382
1705136938,249
1705136940,883
1705136940,451
1705137000,608
1705137000,469
1705137000,988
1705137000,812
1705137001,817
1705137003,10
1705137003,358
1705137004,296
1705137005,784
1705137005,308
1705137010,818
1705137010,498
1705137010,637
1705137015,612
1705137025,521
1705137035,23
1705137035,200
1705137037,612
1705137037,11
1705137037,535
1705137047,601
1705140647,550
1705140647,747
1705140647,627
1705140647,577
1705140647,439
1705140649,387
1705140650,703
1705144250,39
1705144310,516
1705147910,391
1705147910,385
1705147910,442
1705147911,114
1705147921,585
1705147931,557
1705147931,10
1705147933,550
1705147938,818
1705147940,158
1705147940,338
1705147940,199
1705147945,534
1705147947,562
1705147948,857
1705147949,940
1705148009,813
1705148014,222
1705148014,931
1705148016,558
1705148076,264
1705148077,306
1705148137,283
1705148137,607
1705148138,134
1705148138,767
1705148143,65
1705148143,858
1705148144,138
1705148154,559
1705148156,764
1705148166,311
1705148167,49
1705148167,694
1705148167,94
1705148167,383
1705151767,251
1705151772,44
1705151774,585
1705151834,450
1705151834,93
1705151834,303
1705151834,987
1705151834,873
1705151834,853
1705151894,177
1705151894,573
1705151894,936
1705151895,362
1705151955,42
1705151955,757
1705152015,535
1705152017,803
1705152017,236
1705152017,611
1705152018,993
1705152023,275
1705155623,952
1705155623,360
1705155624,5
1705155624,916
1705155634,432
1705159234,413
1705159235,590
1705162835,906
1705162840,900
1705162841,800
1705162842,207
1705162842,477
1705162852,744
1705162853,59
1705166453,614
1705166458,292
1705166468,482
1705166469,223
1705166470,461
1705166470,398
1705166471,641
1705166472,897
1705166474,651
1705166475,519
1705166485,354
1705166486,138
1705166487,809
1705166547,318
1705166549,347
1705170149,344
1705170149,130
1705170149,125
1705173749,893
1705173754,45
1705173759,259
1705173769,837
1705173769,191
1705173771,95
1705173776,258
1705177376,960
1705180976,169
1705180976,992
1705180976,527
1705180977,371
1705180977,597
1705180978,57
1705184578,385
1705188178,683
1705188178,777
1705188180,502
1705188181,539
1705188181,92
1705188182,817
1705188187,390
1705188192,166
1705188192,427
1705188192,825
1705188193,960
1705188193,991
1705188194,318
1705188195,210
1705188195,150
1705191795,221
1705191795,595
1705191795,507
1705191796,633
1705191806,454
1705191806,558
1705191807,406
1705191817,975
1705191819,907
1705191820,489
1705191821,739
1705191826,92
1705191886,731
1705195486,775
1705195488,522
1705195488,846
1705195498,31
1705195498,514
1705195500,777
1705195500,500
1705195505,286
1705195506,396
1705195516,955
1705195526,160
1705195536,496
1705195537,488
1705195537,837
1705195547,308
1705195547,920
1705195548,738
1705195548,817
1705199148,151
1705199148,171
1705199148,490
1705202748,83
1705202748,458
1705202748,737
1705202753,175
1705202753,213
1705202754,525
1705202755,79
1705202756,403
1705202756,951
1705202757,525
1705202758,170
1705202758,231
1705202818,554
1705202818,110
1705206418,828
1705206418,527
1705206418,861
1705210018,484
1705210018,459
1705210023,218
1705210023,68
1705210023,547
1705210028,189
1705210088,462
1705210089,31
1705210099,296
1705210100,502
1705210100,846
1705210100,748
1705210101,433
1705210102,383
1705210102,672
1705210102,717
1705210103,194
1705213703,147
1705213703,422
1705213703,58
1705213704,518
1705213704,480
1705213704,350
1705213709,797
1705213769,955
1705213769,737
1705213769,406
1705213770,120
1705213770,419
1705213775,700
1705213775,492
1705213780,56
1705213780,49
1705213781,613
1705213786,840
1705213786,836
1705213786,500
1705213787,792
1705213787,961
1705217387,267
1705217389,869
1705220989,682
1705220989,545
1705220991,627
1705220991,7
1705220991,717
1705220992,279
1705221002,66
1705221062,956
1705221062,95
1705221072,67
1705224672,904
1705228272,535
1705231872,773
1705231872,332
1705235472,926
1705235473,235
1705235483,949
1705235493,355
1705235498,801
1705235499,827
1705235559,853
1705235559,970
1705235569,829
1705235570,241
1705235580,967
1705235585,309
1705235586,141
1705235587,461
1705235587,302
1705235597,754
1705235598,468
1705235598,801
1705235599,987
1705239199,387
1705239259,762
1705239260,192
1705239265,498
1705239265,771
1705239275,844
1705239335,657
1705239335,657
1705239335,725
1705239336,74
1705239337,196
1705242937,383
1705242939,786
1705242999,936
1705242999,79
1705243001,519
1705243002,843
1705243003,278
1705243004,231
1705243009,51
1705243009,263
1705243009,678
1705243019,163
1705243021,520
1705246621,724
1705246626,368
1705250226,199
1705250286,714
1705250286,737
1705250287,11
1705250287,848
1705250287,655
1705250289,100
1705250289,524
1705250290,393
1705253890,634
1705253895,90
1705253900,352
1705253902,402
1705253903,286
1705253963,588
1705253964,32
1705253974,426
1705254034,60
1705254034,676
1705254044,595
1705254044,568
1705257644,469
1705257645,142
1705261245,247
1705261255,985
1705264855,37
1705268455,240
1705268455,604
1705268515,467
1705268516,454
1705268521,728
1705268531,98
1705268591,311
1705268591,68
1705268601,815
1705268601,135
1705268602,431
1705268602,333
1705272202,659
1705272202,863
1705272203,625
1705272205,174
1705272215,898
1705275815,767
1705275820,345
1705279420,645
1705279421,721
1705279421,175
1705279421,501
1705279422,475
1705283022,60
1705283022,970
1705286622,10
1705286622,382
1705286624,73
1705286624,687
1705286634,528
1705286634,203
1705290234,682
1705290239,11
1705290239,631
1705290241,763
1705290301,808
1705293901,943
1705293902,42
1705293903,110
1705297503,547
1705297503,262
1705297503,789
1705297513,924
1705297573,294
1705297573,972
1705297573,27
1705301173,853
1705301173,925
1705301173,554
1705301178,236
1705301188,416
1705304788,821
1705304789,709
1705304790,532
1705304790,336
1705304790,513
1705304790,343
1705304791,645
1705304851,860
1705308451,145
1705308461,49
1705308462,868
1705312062,904
1705312062,768
1705312062,349
1705312063,290
1705312123,912
1705312123,819
1705312125,217
1705312126,845
1705312126,204
1705315726,917
1705319326,751
1705319336,385
1705319337,528
1705319342,213
1705319344,164
1705322944,556
1705322944,662
1705322945,27
1705322950,310
1705323010,357
1705323012,101
1705323022,516
1705323027,750
1705323037,697
1705323047,125
1705326647,216
1705326652,560
1705326652,288
1705330252,422
1705330252,953
1705330312,451
1705333912,337
1705333914,525
1705333915,957
1705333975,308
1705333976,128
1705333976,177
1705337576,441
1705337576,369
1705337577,921
1705337577,410
1705337637,972
1705337639,208
1705337639,690
1705337699,577
1705337759,253
1705337764,929
1705337764,811
1705341364,531
1705341366,372
1705344966,97
1705344967,673
1705344967,58
1705344972,927
1705344974,281
1705344984,787
1705344989,907
1705344994,585
1705344996,798
1705344996,142
1705348596,854
1705348596,858
1705348598,837
1705348598,494
1705348658,558
1705348660,792
1705348670,89
1705348671,449
1705348731,243
1705348736,581
1705348796,980
1705348796,575
1705348856,325
1705348858,753
1705348858,136
1705348858,492
1705348858,230
1705348860,109
1705348860,641
1705352460,855
1705352461,574
1705352466,761
1705352476,585
1705352477,590
1705356077,22
1705356077,803
1705359677,840
1705359678,454
1705363278,665
1705363278,944
1705363278,77
1705363278,677
1705363338,120
1705363338,326
1705363338,369
1705363340,7
1705363350,413
1705366950,93
1705366950,122
1705366951,368
1705370551,768
1705374151,252
1705374161,208
1705374166,17
1705374166,843
1705377766,73
1705377766,702
1705377766,957
1705377826,193
1705381426,105
1705381426,48
1705381426,836
1705381426,465
1705381426,12
1705381426,69
1705381431,777
1705381431,120
1705381431,699
1705381431,781
1705381433,2
1705381493,458
1705381503,523
1705381503,514
1705381563,89
1705381565,162
1705381575,217
1705381585,146
1705381585,784
1705381595,373
1705381655,315
1705381655,735
1705381655,766
1705381656,290
1705381656,783
1705381656,959
1705381656,169
1705381666,849
1705381666,151
1705381666,187
1705385266,412
1705385266,821
1705385267,662
1705385268,910
1705385278,675
1705388878,862
1705388879,391
1705388879,842
1705388884,969
1705392484,729
1705392484,972
1705392489,367
1705392491,367
1705392493,154
1705392493,6
1705392494,64
1705396094,907
1705396099,864
1705396099,654
1705396101,6
1705396101,127
1705396101,651
1705396101,708
1705396106,561
1705396106,501
1705396106,540
1705396106,937
1705399706,540
1705399708,867
1705399708,271
1705403308,800
1705403308,170
1705403308,872
1705406908,289
1705406910,757
1705406970,627
1705406975,87
1705406977,348
1705406977,686
1705406977,245
1705406978,858
1705406980,435
1705406980,293
1705406980,989
1705410580,262
1705410580,342
1705410640,142
1705410650,907
1705410710,343
1705410710,986
1705410720,392
1705410720,702
1705410720,39
1705410722,234
1705410723,988
1705410728,64
1705410788,291
1705414388,962
1705414389,93
1705414390,984
1705414390,30
1705414391,631
1705414451,231
1705414461,779
1705414461,228
1705418061,893
1705418071,397
1705418071,762
1705418071,619
1705418071,869
1705418076,98
1705418076,758
1705418077,228
1705418078,632
1705418080,690
1705418080,455
1705418085,219
1705418086,116
1705418096,878
1705418101,442
1705418103,467
1705418163,640
1705421763,117
1705421764,355
1705421764,291
1705421764,818
1705421764,234
1705425364,998
1705425424,38
1705425424,887
1705425434,709
1705425435,108
1705425435,188
1705429035,176
1705429037,697
1705429038,630
1705429038,820
1705429098,520
1705429098,678
1705429098,40
1705429099,855
1705429101,953
1705429101,516
1705429102,374
1705429107,704
1705429117,868
1705429117,774
1705429117,325
1705429117,99
1705429117,494
1705429118,39
1705429118,964
1705429118,142
1705429118,732
1705429123,887
1705429183,783
1705429184,889
1705429184,281
1705429185,610
1705429186,171
1705429188,488
1705429188,810
1705429189,27
1705429189,458
1705429190,430
1705429191,70
1705429196,461
1705429196,804
1705429198,577
1705429199,302
1705429201,180
1705429203,160
1705429203,364
1705429208,472
1705429208,636
1705429213,889
1705429218,138
1705429218,133
1705429218,233
1705429278,487
1705429280,829
1705429285,852
1705429345,763
1705429347,727
1705429347,382
1705429348,641
1705432948,783
1705432958,926
1705432958,61
1705432963,419
1705432964,97
1705436564,241
1705440164,636
1705440164,885
1705443764,516
1705443765,385
1705443767,974
1705443827,421
1705443827,278
1705447427,143
1705447427,627
1705447428,876
1705451028,326
1705454628,441
1705458228,456
1705461828,192
1705461888,297
1705461893,439
1705461898,778
1705461898,714
1705461899,948
1705465499,931
1705465500,774
1705465500,121
1705469100,25
1705469100,322
1705469100,583
1705469105,786
1705469107,90
1705469107,860
1705469109,956
1705469109,562
1705469110,569
1705469115,333
1705469115,597
1705469116,511
1705469121,921
1705469126,755
1705469126,712
1705469186,726
1705469246,222
1705469246,599
1705472846,440
1705472847,68
1705472849,745
1705476449,190
1705476449,756
1705476449,695
1705476449,515
1705476459,367
1705476461,684
1705476466,149
1705476466,352
1705480066,366
1705480067,774
1705480077,963
1705480077,316
1705480078,370
1705480138,398
1705480139,737
1705480139,291
1705483739,185
1705483739,582
1705483799,815
1705487399,360
1705487400,371
1705487400,167
1705491000,419
1705491000,519
1705491000,385
1705491000,92
1705491005,871
1705491005,797
1705494605,782
1705494607,313
1705494667,87
1705494668,309
1705494668,971
1705494669,846
1705494669,339
1705494670,212
1705494730,55
1705494735,56
1705494735,392
1705494740,209
1705494741,805
1705494742,357
1705494747,412
1705494757,888
1705498357,151
1705498357,152
1705498362,754
1705498363,720
1705501963,495
1705501964,699
1705501965,472
1705502025,427
1705502027,317
1705502027,531
1705502028,209
1705502029,464
1705502029,720
1705502030,801
1705502031,139
1705502031,704
1705502033,367
1705502033,550
1705502033,477
1705505633,417
1705509233,699
1705509234,160
1705512834,41
1705512835,971
1705512845,980
1705512855,845
1705512855,996
1705512855,381
1705512860,851
1705512861,157
1705512862,875
1705516462,294
1705516463,224
1705516468,714
1705516468,1000
1705516468,661
1705516528,969
1705516588,483
1705516589,173
1705516589,86
1705516589,385
1705516599,838
1705516600,719
1705516600,873
1705516600,129
1705516600,844
1705516660,244
1705516661,550
1705516663,812
1705516663,218
1705516663,275
1705516664,698
1705516664,929
1705516669,373
1705516674,666
1705516734,36
1705516734,949
1705516734,209
1705516794,635
1705516804,989
1705516814,402
1705516819,32
1705516819,122
1705516819,669
1705516879,782
1705516889,34
1705516889,203
1705516889,952
1705516890,634
1705516890,918
1705516892,960
1705520492,693
1705520492,491
1705520492,342
1705520492,228
1705520493,975
1705520495,629
1705520496,184
1705520501,806
1705520511,414
1705520511,132
1705520512,352
1705524112,950
1705524122,443
1705524127,379
1705524127,517
1705524127,569
1705524127,720
1705524128,973
1705524138,625
1705524138,4
1705524138,19
1705524138,13
1705524139,471
1705524139,454
1705524139,279
1705524141,535
1705524142,629
1705524143,97
1705524144,65
1705524145,113
1705524145,589
1705524150,828
1705524150,217
1705524152,677
1705527752,403
1705527753,272
1705527755,598
1705527757,672
1705527762,161
1705527764,907
1705527764,669
1705527765,433
1705527775,950
1705527775,414
1705527835,510
1705527840,33
1705527842,831
1705527902,597
1705527962,198
1705527962,371
1705527972,327
1705527977,302
1705527987,536
1705527988,536
1705527988,104
1705528048,291
1705528048,974
1705528048,326
1705531648,515
1705531648,938
1705531649,97
1705531654,745
1705531654,889
1705531654,215
1705531655,722
1705531657,699
1705531657,901
1705531717,638
1705531718,628
1705531718,666
1705531720,230
1705531721,658
1705531721,812
1705531731,937
1705531731,731
1705531732,320
1705531742,394
1705535342,160
1705535352,137
1705535357,100
1705535417,115
1705535418,130
1705539018,522
1705542618,378
1705542618,782
1705542678,661
1705542678,923
1705542678,83
1705542679,140
1705546279,927
1705546279,266
1705546280,173
1705546290,898
1705549890,641
1705549890,757
1705549890,360
1705549891,504
1705549891,398
1705549892,610
1705549892,845
1705549892,171
1705549892,127
1705549892,769
1705549897,254
1705549897,879
1705549897,821
1705549898,634
1705553498,966
1705553499,723
1705553499,413
1705553500,247
1705553560,841
1705553560,126
1705553565,43
1705553575,153
1705553580,296
1705553581,337
1705553581,796
1705553582,22
1705553582,371
1705553583,35
1705553583,183
1705557183,776
1705557188,345
1705557188,230
1705557188,19
1705560788,574
1705560788,809
1705560798,810
1705560803,991
1705560803,739
1705560863,253
1705560863,485
1705560864,799
1705564464,447
1705564464,752
1705568064,661
1705568064,776
1705568124,368
1705568124,778
1705568124,793
1705568129,747
1705568129,145
1705571729,246
1705571739,101
1705571749,388
1705571759,573
1705575359,604
1705575359,466
1705578959,184
1705579019,153
1705579019,360
1705579020,578
1705579030,868
1705579035,442
1705582635,102
1705582640,136
1705582645,483
1705582645,551
1705582646,161
1705582646,157
1705582646,414
1705582646,482
1705582656,13
1705586256,827
1705589856,938
1705589856,832
1705589857,195
1705589858,81
1705589859,903
1705589860,968
1705589860,752
1705589860,405
1705589860,708
1705589862,862
1705593462,915
1705593522,364
1705597122,520
1705597132,700
1705597134,908
1705597134,487
1705597144,305
1705597204,905
1705600804,845
1705600804,418
1705600864,945
1705600865,848
1705600870,176
1705600880,189
1705600880,970
1705600880,157
1705600881,499
1705600881,356
1705600883,32
1705600883,633
1705604483,909
1705604493,191
1705604494,559
1705604495,443
1705604495,991
1705604495,609
1705604505,367
1705604510,88
1705608110,861
1705608110,292
1705608111,843
1705608171,531
1705608181,330
1705608181,452
1705608181,399
1705608181,1000
1705608182,3
1705608184,464
1705608186,663
1705608186,74
1705608191,824
1705608191,665
1705608191,966
1705608251,982
1705608251,19
1705608251,174
1705608251,693
1705608252,893
1705608262,271
1705611862,58
1705611922,664
1705611922,860
1705611922,1
1705611922,530
1705611932,869
1705611932,329
1705611942,926
1705611942,938
1705611944,256
1705611945,84
1705611945,686
1705611945,743
1705612005,293
1705612015,477
1705615615,704
1705615620,30
1705615620,913
1705615625,171
1705615685,402
1705619285,467
1705622885,87
1705622945,502
1705622946,720
1705622947,469
1705622947,628
1705622947,362
1705622948,937
1705622948,174
1705626548,586
1705626549,123
1705626549,233
1705626549,734
1705626551,734
1705626553,422
1705626563,160
1705630163,69
1705630163,527
1705633763,207
1705633823,854
1705633823,593
1705633823,177
1705633824,396
1705633825,441
1705633830,820
1705633831,348
1705633832,227
1705633832,771
1705633892,473
1705633893,376
1705633895,696
1705633895,183
1705633897,448
1705633897,854
1705633897,381
1705633899,586
1705633904,248
1705633904,400
1705633906,848
1705633906,126
1705633907,197
1705633908,589
1705633968,722
1705633970,692
1705633972,47
1705634032,468
1705634042,948
1705634042,97
1705634042,423
1705637642,218
1705637644,410
1705641244,450
1705641244,188
1705641244,119
1705641254,121
1705641256,965
1705641258,333
1705641259,973
1705641259,603
1705641259,640
1705641259,183
1705641259,73
1705641259,784
1705641259,289
1705641260,503
1705641320,447
1705641321,852
1705641322,302
1705641323,338
1705641323,392
1705644923,488
1705644925,103
1705644927,665
1705644927,68
1705644927,62
1705644928,434
1705644930,439
1705648530,595
1705648532,843
1705648537,791
1705648537,920
1705648547,396
1705648549,380
1705648550,813
1705648550,762
1705652150,215
1705652160,621
1705652160,647
1705652170,618
1705655770,821
1705655780,244
1705655840,795
1705655840,817
1705655900,169
1705655900,996
1705655900,772
1705655901,387
1705655901,61
1705655902,768
1705655907,944
1705655909,128
1705655909,151
1705655969,225
1705656029,639
1705656030,569
1705656032,608
1705656037,162
1705659637,258
1705659639,83
1705659639,159
1705663239,241
1705663240,868
1705663240,182
1705663245,352
1705663246,544
1705663306,631
1705666906,856
1705666911,160
1705666912,92
1705666912,884
1705666913,762
1705666918,252
1705666918,778
1705666920,513
1705666980,425
1705670580,924
1705670580,896
1705670640,372
1705674240,914
1705674240,412
1705674240,678
1705674240,697
1705674300,767
1705674300,352
1705674302,425
1705674362,237
1705674372,670
1705674432,744
1705674432,406
1705674432,96
1705674433,852
1705674493,593
1705674498,730
1705674499,760
1705674499,359
1705674509,318
1705674509,639
1705674510,189
1705674511,628
1705674512,320
1705674512,147
1705674522,741
1705674522,78
1705678122,384
1705678122,831
1705678123,699
1705681723,346
1705681723,851
1705685323,969
1705685383,722
1705685388,938
1705685448,844
1705689048,646
1705689048,320
1705689108,942
1705689108,840
1705692708,877
1705692708,770
1705692768,755
1705692768,173
1705692778,974
1705692780,350
1705692780,472
1705692780,658
1705692780,901
1705692780,353
1705692780,6
1705692781,90
1705692781,587
1705692783,980
1705692783,680
1705692783,812
1705692785,701
1705692790,203
1705692800,750
1705692800,935
1705692800,190
1705692860,506
1705692920,560
1705692930,784
1705692930,499
1705696530,517
1705696530,804
1705696530,922
1705696540,708
1705696541,194
1705696542,33
1705696542,957
1705696602,948
1705696604,748
1705696604,987
1705696605,583
1705696615,435
1705696615,855
1705696615,677
1705696675,568
1705696675,410
1705696680,95
1705696685,121
1705696685,140
1705700285,808
1705700345,252
1705700346,432
1705700346,767
1705700346,508
1705700347,30
1705700357,299
1705700358,672
1705700358,173
1705700368,949
1705700369,759
1705700369,432
1705700374,230
1705700374,895
1705703974,899
1705703974,622
1705707574,132
1705711174,872
1705711176,792
1705711178,705
1705711188,798
1705711190,217
1705711192,215
1705714792,398
1705714793,91
1705714853,391
1705714853,972
1705714913,880
1705714915,865
1705714915,901
1705714915,342
1705714916,780
1705714921,249
1705714921,475
1705714921,402
1705714981,386
1705714991,49
1705714991,855
1705715001,832
1705715006,308
1705715016,855
1705715017,95
1705715018,319
1705715023,749
1705715024,369
1705718624,995
1705718629,976
1705718639,270
1705718699,368
1705718699,276
1705718704,996
1705718704,484
1705718704,106
1705718704,542
1705718714,830
1705718714,970
1705722314,393
1705722314,310
1705722324,969
1705722325,319
1705722327,201
1705722327,766
1705722327,71
1705722328,836
1705722328,923
1705722328,608
1705722328,614
1705722333,616
1705722333,33
1705722343,650
1705722353,704
1705722354,865
1705722414,419
1705722414,922
1705722424,351
1705722425,190
1705722426,282
1705722426,615
1705722426,699
1705722426,515
1705722431,154
1705722431,759
1705722491,845
1705722496,944
1705722496,842
1705722496,311
1705722501,789
1705722511,545
1705726111,728
1705726171,798
1705726171,139
1705726176,922
1705726176,66
1705726176,274
1705726176,457
1705726176,198
1705726177,822
1705726178,677
1705726178,452
1705726178,682
1705726178,32
1705726178,890
1705726188,911
1705726188,761
1705726198,872
1705726208,830
1705726213,259
1705726214,242
1705729814,738
1705729874,910
1705729876,868
1705729876,114
1705729876,647
1705729936,149
1705729936,99
1705729936,280
1705729936,863
1705733536,487
1705733536,289
1705733538,440
1705733538,228
1705733540,623
1705733541,481
1705733542,505
1705733552,685
1705733557,968
1705733559,373
1705733564,184
1705733565,283
1705733625,60
1705733625,30
1705733685,759
1705737285,632
1705737285,228
1705737285,843
1705737286,517
1705737286,219
1705737286,317
1705737287,869
1705737287,818
1705737292,64
1705740892,907
1705740952,94
1705740952,334
1705740954,898
1705740956,829
1705740956,256
1705741016,956
1705741017,896
1705741017,301
1705744617,917
1705744617,792
1705744677,913
1705744677,884
1705744678,980
1705744680,548
1705744682,82
1705744682,487
1705744683,626
1705748283,722
1705751883,501
1705751884,187
1705751884,791
1705751884,53
1705751894,813
1705751894,936
1705751904,479
1705751964,20
1705751964,177
1705751966,316
1705751968,526
1705752028,531
1705752038,234
1705752039,683
1705752040,453
1705752050,524
1705752055,980
1705752057,577
1705752067,907
1705752069,796
1705752069,344
1705752071,385
1705755671,31
1705755731,508
1705755731,301
1705755741,874
1705755801,950
1705755802,669
1705755802,116
1705755802,387
1705759402,248
1705763002,180
1705763012,108
1705763013,428
1705763014,732
1705763015,130
1705763016,807
1705763017,988
1705766617,711
1705770217,797
1705770217,192
1705770218,191
1705770220,242
1705773820,184
1705773880,696
1705773881,862
1705773881,711
1705773883,126
1705773883,874
1705773884,908
1705773886,393
1705773886,343
1705777486,947
1705777486,965
1705777487,703
1705777487,233
1705777487,409
1705777547,771
1705777548,89
1705777548,201
1705777548,362
1705777548,291
1705777548,695
1705777553,695
1705777554,454
1705777554,830
1705777559,862
1705777559,560
1705777619,11
1705777620,58
1705777621,721
1705777681,161
1705777681,179
1705777681,602
1705777681,353
1705777682,165
1705777682,971
1705777682,853
1705777682,533
1705777682,253
1705777684,103
1705777689,29
1705777699,34
1705777709,550
1705777709,615
1705777710,502
1705777710,748
1705777711,296
1705777716,307
1705777776,127
1705777781,785
1705777782,224
1705777783,123
1705777843,593
1705777903,906
1705777904,285
1705777905,814
1705777907,590
1705777907,800
1705777967,757
1705777968,474
1705777968,927
1705777969,392
1705777969,136
1705777979,446
1705777979,281
1705778039,583
1705778039,178
1705778040,309
1705781640,869
1705781640,143
1705781650,609
1705785250,866
1705785250,904
1705785310,117
1705785315,263
1705785316,597
1705785376,395
1705785378,752
1705785378,584
1705785383,847
1705785384,526
1705785389,518
1705788989,222
1705788991,779
1705789001,908
1705789061,156
1705789062,379
1705789067,335
1705789068,288
1705789128,234
1705789129,174
1705792729,503
1705792734,930
1705792794,312
1705792804,386
1705792805,878
1705792810,644
1705792811,941
1705792871,765
1705792931,660
1705792941,535
1705792943,353
1705792944,186
1705792944,747
1705792944,662
1705792946,832
1705792946,682
1705792946,768
1705792956,858
1705792956,517
1705792961,761
1705792961,269
1705792963,682
1705796563,888
1705796563,836
1705796565,461
1705796575,945
1705796585,448
1705796595,175
1705796605,380
1705796605,914
1705796665,519
1705796667,419
1705800267,143
1705800267,518
1705800267,601
1705803867,242
1705803872,157
1705803872,401
1705803872,978
1705803877,545
1705803877,837
1705803937,775
1705803937,770
1705803939,426
1705807539,261
1705807539,193
1705807541,788
1705807542,124
1705807552,214
1705807553,292
1705807563,763
1705811163,594
1705811163,987
1705811164,847
1705811164,920
1705811164,832
1705811164,640
1705814764,244
1705814765,488
1705814765,201
1705814770,162
1705814771,770
1705814776,738
1705814836,645
1705814837,963
1705814839,422
1705814849,326
1705814909,221
1705814910,153
1705818510,955
1705818515,72
1705818517,647
1705818517,46
1705818519,14
1705818520,38
1705818522,258
1705818522,203
1705818532,913
1705818592,432
1705818592,276
1705818592,247
1705818592,531
1705822192,453
1705822193,46
1705822193,740
1705822194,908
1705822196,672
1705822206,54
1705822216,241
1705825816,930
1705825818,955
1705825828,767
1705825833,731
1705825834,412
1705825835,171
1705825895,618
1705825896,424
1705825906,624
1705825906,730
1705825908,130
1705829508,364
1705829508,186
1705829513,85
1705829518,480
1705829518,167
1705829518,155
1705833118,330
1705833128,356
1705833188,608
1705833188,294
1705833189,247
1705833194,181
1705833194,322
1705833194,355
1705833195,548
1705833195,142
1705833195,590
1705833205,513
1705833265,140
1705833265,572
1705833266,610
1705833266,970
1705833276,154
1705836876,938
1705840476,30
1705840476,479
1705840477,694
1705840479,780
1705840479,327
1705840539,772
1705840544,121
1705844144,855
1705844144,889
1705844144,355
1705844144,298
1705844154,669
1705844159,652
1705844219,539
1705844229,368
1705844230,265
1705847830,216
1705847831,896
1705851431,585
1705851432,20
1705855032,910
1705855032,886
1705855032,683
1705855033,152
1705855033,399
1705855034,617
1705855039,112
1705855040,646
1705855040,300
1705855040,758
1705855100,659
1705855100,203
1705858700,121
1705858700,408
1705858710,693
1705858710,973
1705858710,867
1705858710,123
1705858710,209
1705862310,876
1705862310,721
1705862310,269
1705862310,936
1705862311,890
1705865911,329
1705865912,366
1705865913,441
1705865913,196
1705865915,470
1705865916,230
1705865916,181
1705865916,732
1705865916,357
1705869516,546
1705869526,765
1705869527,499
1705873127,2
1705873187,946
1705873189,184
1705876789,569
1705880389,297
1705880391,268
1705880391,996
1705880391,628
1705880392,248
1705880392,979
1705880392,841
1705880397,152
1705880398,615
1705880408,850
1705880408,932
1705880409,510
1705880414,611
1705880424,417
1705880424,374
1705880424,320
1705880484,486
1705880484,358
1705880485,437
1705884085,447
1705884086,691
1705887686,831
1705887686,928
1705887688,897
1705887688,783
1705887689,428
1705887690,47
1705887750,365
1705891350,491
1705891350,9
1705891350,978
1705891360,30
1705891362,498
1705891362,549
1705894962,107
1705898562,910
1705898622,580
1705898623,804
1705898623,453
1705898623,477
1705898623,533
1705898624,859
1705898624,43
1705898624,44
1705898624,712
1705898624,873
1705898624,286
1705898625,617
1705898626,737
1705898626,908
1705898626,745
1705898636,0
1705898636,664
1705902236,801
1705902246,875
1705905846,407
1705905846,184
1705909446,13
1705909451,702
1705909461,249
1705909461,219
1705909461,214
1705909461,359
1705909462,543
1705909463,353
1705909465,368
1705909465,191
1705909466,15
1705909467,35
1705913067,674
1705913127,46
1705913132,757
1705916732,47
1705916733,732
1705916734,208
1705916734,386
1705916734,377
1705916735,436
1705916736,560
1705920336,317
1705920338,136
1705920348,869
1705920408,413
1705924008,289
1705924008,702
1705924008,217
1705924008,43
1705924068,407
1705924068,536
1705924068,166
1705924069,728
1705924079,477
1705927679,671
1705927739,737
1705927739,197
1705927739,696
1705927799,712
1705927799,176
1705927800,4
1705927805,95
1705927806,198
1705927807,764
1705927807,762
1705927809,619
1705927809,874
1705927814,744
1705931414,809
1705931419,766
1705931420,585
1705931425,754
1705931425,942
1705931427,911
1705931428,628
1705931438,673
1705931438,879
1705931443,591
1705931444,20
1705935044,16
1705935045,517
1705935046,43
1705935047,265
1705935048,582
1705935048,860
1705935048,663
1705935048,748
1705935050,231
1705935110,897
1705935110,614
1705935111,935
1705935113,902
1705935113,836
1705935118,9
1705935128,472
1705935128,465
1705935128,323
1705935129,898
1705935134,942
1705935134,668
1705935134,339
1705935134,108
1705935194,261
1705938794,397
1705938795,821
1705938795,122
1705938855,512
1705938856,680
1705942456,871
1705946056,484
1705946116,53
1705949716,419
1705949716,27
1705949716,740
1705949718,554
1705949718,748
1705949778,688
1705949780,470
1705949790,494
1705949790,870
1705949850,149
1705949851,639
1705949911,972
1705949911,682
1705949912,964
1705949913,744
1705949913,55
1705949913,230
1705949973,926
1705953573,472
1705957173,850
1705957175,199
1705957175,60
1705957175,271
1705957180,303
1705957180,476
1705957180,64
1705957240,699
1705957240,800
1705957245,784
1705960845,668
1705960845,857
1705960846,808
1705960856,459
1705960916,640
1705960916,96
1705960976,397
1705960976,953
1705961036,175
1705961096,671
1705961097,774
1705961097,701
1705961098,275
1705961099,939
1705961100,201
1705961100,334
1705961110,946
1705961120,7
1705961180,143
1705961181,291
1705961182,932
1705961183,443
1705961183,627
1705961183,103
1705961184,878
1705961189,283
1705961189,671
1705961249,931
1705961250,578
1705961250,122
1705961252,1000
1705961254,289
1705961314,220
1705961319,154
1705961379,320
1705961379,411
1705961379,57
1705961384,794
1705964984,675
1705964994,362
1705964994,184
1705968594,795
1705968594,103
1705972194,71
1705972194,232
1705972195,535
1705972195,174
1705972195,840
1705975795,561
1705979395,433
1705979395,978
1705979395,312
1705979397,479
1705979407,413
1705979407,469
1705979408,646
1705979408,527
1705979409,215
1705979414,5
1705979414,615
1705979415,907
1705979416,271
1705979421,932
1705979421,185
1705979421,799
1705979421,731
1705979426,461
1705979431,877
1705979432,198
1705979432,505
1705979432,361
1705983032,407
1705983037,130
1705983038,388
1705983040,190
1705986640,471
1705986641,756
1705986641,295
1705986641,453
1705986651,291
1705986653,523
1705986653,531
1705986653,698
1705986653,186
1705986653,860
1705986653,432
1705986713,116
1705986773,845
1705990373,392
1705990374,354
1705990379,916
1705990379,567
1705990439,861
1705990440,608
1705990445,883
1705990445,996
1705990445,281
1705990505,456
1705990515,685
1705990515,227
1705990575,747
1705990577,509
1705990578,308
1705990580,78
1705990580,598
1705990580,59
1705990580,72
1705990581,162
1705990581,80
1705990581,355
1705990586,190
1705990586,283
1705994186,587
1705994246,55
1705994247,97
1705994252,622
1705994262,576
1705994263,367
1705994323,872
1705994383,354
1705997983,566
1705997983,677
1706001583,749
1706001593,83
1706001594,316
1706001594,792
1706001594,443
1706001596,267
1706001597,962
1706001602,206
1706001662,184
1706001663,807
1706001664,465
1706001665,183
1706001665,421
1706005265,337
1706005265,104
1706005266,90
1706005266,800
1706005266,737
1706005267,242
1706005272,673
1706005273,42
1706005275,87
1706008875,671
1706008875,911
1706008880,718
1706008885,686
1706008945,495
1706009005,874
1706009015,864
1706009016,32
1706009018,384
1706009018,463
1706009019,206
1706009019,318
1706009021,872
1706009021,405
1706009021,524
1706009021,427
1706009021,178
1706009021,986
1706009022,108
1706009023,272
1706009028,42
1706009030,782
1706009040,16
1706009050,26
1706009051,952
1706012651,44
1706012711,343
1706012721,237
1706012726,128
1706012731,758
1706012731,686
1706012736,516
1706012796,31
1706012796,884
1706012856,928
1706016456,309
1706016456,439
1706016461,568
1706016462,374
1706016462,540
1706016522,236
1706016522,674
1706016523,662
1706016524,889
1706020124,194
1706020125,441
1706020125,668
1706020126,752
1706020126,504
1706020128,834
1706020128,75
1706020188,410
1706020190,446
1706020192,876
1706020192,214
1706020197,963
1706023797,320
1706023802,64
1706023804,733
1706023805,659
1706023807,427
1706027407,197
1706027407,128
1706027407,354
1706031007,967
1706031008,537
1706031008,694
1706031018,274
1706031019,648
1706031024,243
1706031084,336
1706031084,11
1706031089,265
1706031094,997
1706031099,438
1706034699,307
1706034759,447
1706034759,505
1706034819,697
1706034829,520
1706034889,152
1706034890,566
1706034891,186
1706034951,835
1706035011,272
1706035011,643
1706035013,285
1706035014,258
1706035016,964
1706035016,81
1706035021,103
1706038621,190
1706038621,331
1706042221,789
1706042222,28
1706042223,316
1706042228,772
1706042228,896
1706042228,261
1706042228,518
1706042228,371
1706042229,667
1706042234,920
1706042236,484
1706045836,390
1706045841,459
1706045843,445
1706045843,475
1706045844,298
1706049444,528
1706049444,18
1706049454,735
1706049454,86
1706049456,998
1706049458,405
1706049458,968
1706049458,79
1706049468,619
1706049478,235
1706049479,418
1706049480,699
1706049485,744
1706053085,528
1706053085,133
1706053086,878
1706053086,420
1706053146,132
1706053146,590
1706053146,434
1706053206,738
1706053206,145
1706053266,900
1706053266,751
1706053267,321
1706053268,283
1706053268,722
1706053268,673
1706056868,698
1706056928,502
1706056933,457
1706056943,800
1706056953,688
1706056958,719
1706056958,544
1706057018,641
1706057028,654
1706057028,199
1706057030,222
1706057040,947
1706057050,654
1706057050,402
1706060650,598
1706060652,137
1706060652,303
1706060654,125
1706060654,714
1706060664,897
1706060664,378
1706060665,329
1706060666,523
1706060668,788
1706060668,718
1706060668,596
1706060669,852
1706060669,863
1706060679,895
1706060679,448
1706060679,596
1706060739,17
1706060739,664
1706060739,981
1706060740,606
1706060742,5
1706060742,941
1706060743,273
1706060745,401
1706060745,436
1706060745,357
1706064345,111
1706064345,360
1706067945,930
1706067946,592
1706067948,270
1706067953,113
1706067953,699
1706067963,138
1706071563,80
1706071563,206
1706071568,184
1706071569,303
1706071570,581
1706071571,323
1706071571,493
1706075171,421
1706075172,994
1706075173,874
1706075175,90
1706075175,7
1706075175,698
1706075185,748
1706075245,81
1706075245,100
1706075247,580
1706075247,757
1706075248,34
1706075308,508
1706075308,698
1706075308,746
1706075309,304
1706075369,180
1706075369,233
1706075371,235
1706075372,28
1706075373,94
1706075378,783
1706075388,888
1706075398,667
1706075398,331
1706075408,798
1706079008,334
1706079068,284
1706079069,105
1706079074,144
1706079084,882
1706079084,25
1706079084,765
1706079089,324
1706079149,356
1706079154,93
1706079155,669
1706079160,370
1706079161,193
1706079161,615
1706079171,919
1706079181,498
1706082781,323
1706082791,737
1706082801,753
1706086401,649
1706086406,758
1706086406,662
1706086406,354
1706090006,585
1706090006,916
1706090006,612
1706090008,32
1706090010,712
1706090010,762
1706093610,563
1706093615,605
1706093675,983
1706093675,782
1706093735,93
1706097335,213
1706097395,859
1706097395,601
1706097396,440
1706097396,168
1706097396,74
1706097396,117
1706097396,728
1706097396,404
1706097396,801
1706100996,677
1706100998,411
1706100998,237
1706101008,0
1706101008,984
1706101009,102
1706101009,906
1706101009,730
1706104609,574
1706104609,162
1706104610,531
1706108210,763
1706108212,162
1706108212,341
1706108214,775
1706108274,298
1706108276,135
1706108277,420
1706108287,699
1706108292,429
1706108292,530
1706108293,170
1706108293,369
1706108303,281
1706108305,864
1706108306,160
1706108306,82
1706108316,836
1706108316,342
1706108316,379
1706108316,176
1706108317,594
1706108317,918
1706108317,327
1706108327,593
1706108327,506
1706108332,626
1706108342,602
1706108347,979
1706108357,946
1706108417,538
1706108417,336
1706108419,115
1706108419,997
1706108419,724
1706108421,259
1706108421,395
1706108422,918
1706108423,846
1706108423,205
1706108428,144
1706112028,642
1706112028,471
1706112028,312
1706112088,602
1706112093,442
1706112093,76
1706112093,371
1706112093,347
1706112093,146
1706112093,148
1706112094,411
1706112094,225
1706112099,466
1706112101,785
1706112101,348
1706112103,842
1706112108,904
1706112108,323
1706112109,91
1706112109,815
1706112110,781
1706112111,662
1706112112,454
1706112114,621
1706112114,551
1706112114,666
1706112174,972
1706112179,861
1706112184,287
1706112185,974
1706112185,797
1706112186,304
1706112187,895
1706112197,598
1706112202,460
1706112207,90
1706112209,601
1706112209,608
1706112209,62
1706112210,941
1706112210,899
1706112210,564
1706112270,473
1706112270,962
1706112272,487
1706112272,278
1706112272,32
1706112274,795
1706112276,47
1706112336,149
1706112338,775
1706112338,628
1706112338,198
1706115938,858
1706115948,82
1706115953,854
1706115953,441
1706115954,136
1706119554,87
1706119554,357
1706119559,157
1706119619,775
1706119620,121
1706119620,534
1706119621,28
1706119621,247
1706119621,720
1706119621,976
1706119621,528
1706119622,432
1706119624,252
1706119624,437
1706123224,277
1706123224,705
1706123224,671
1706123229,537
1706123230,431
1706123240,385
1706123240,883
1706123240,260
1706123241,812
1706123241,831
1706123241,959
1706123241,189
1706123246,789
1706123251,519
1706123251,936
1706123251,543
1706123251,70
1706123253,260
1706123253,168
1706123263,279
1706123273,985
1706123275,826
1706123275,594
1706123277,360
1706123282,278
1706123282,198
1706123287,140
1706123347,278
1706123347,688
1706123357,303
1706123357,555
1706123417,544
1706123417,89
1706123422,962
1706123423,479
1706123423,567
1706123483,567
1706123543,771
1706127143,573
1706127145,800
1706127145,964
1706127146,324
1706127156,821
1706127158,641
1706127158,579
1706127218,447
1706127223,406
1706127283,560
1706127285,722
1706130885,969
1706130885,620
1706130895,910
1706130896,912
1706130896,829
1706134496,907
1706134497,591
1706134497,172
1706134507,854
1706134508,962
1706134513,247
1706134518,542
1706134518,29
1706134578,617
1706134583,378
1706138183,925
1706138243,364
1706138243,590
1706138253,660
1706138254,872
1706138254,748
1706138264,781
1706138264,689
1706138274,962
1706138279,182
1706138281,418
1706138341,255
1706138341,888
1706138346,854
1706138346,491
1706138346,256
1706138406,408
1706138466,951
1706142066,233
1706142067,90
1706142072,605
1706142072,707
1706142072,887
1706145672,910
1706145672,211
1706145677,942
1706145677,602
1706145677,911
1706149277,340
1706149282,892
1706152882,767
1706152942,887
1706152947,780
1706152947,869
1706152947,889
1706152947,82
1706152949,497
1706153009,172
1706153009,998
1706153014,815
1706153019,520
1706153020,876
1706153021,55
1706153021,310
1706153026,131
1706153027,114
1706153027,274
1706153027,418
1706153027,885
1706153029,839
1706153029,365
1706153029,535
1706153031,441
1706153031,293
1706153036,175
1706153036,334
1706153038,631
1706153048,374
1706153048,347
1706153048,631
1706153049,962
1706153059,171
1706153069,893
1706153069,942
1706153069,140
1706153070,705
1706153080,789
1706156680,515
1706160280,403
1706160280,774
1706160280,64
1706160280,679
1706160285,86
1706160285,645
1706160286,814
1706160287,308
1706160288,89
1706160290,255
1706160290,749
1706160291,613
1706160292,266
1706160294,478
1706160295,515
1706160300,358
1706160310,888
1706160310,293
1706160310,813
1706160311,631
1706160311,418
1706160316,511
1706160317,378
1706160317,752
1706160317,73
1706160317,929
1706160317,747
1706160327,647
1706160327,101
1706160327,899
1706160387,333
1706160447,427
1706160447,734
1706160447,674
1706160452,317
1706160454,7
1706160459,190
1706160459,746
1706160459,108
1706160469,603
1706160469,800
1706160474,142
1706160476,955
1706160477,237
1706160478,674
1706160483,863
1706160485,530
1706160495,29
1706160495,187
1706160495,368
1706160495,816
1706160495,747
1706160496,889
1706160496,609
1706160506,980
1706160516,180
1706160516,421
1706160517,8
1706160517,486
1706164117,77
1706164117,607
1706164127,847
1706164127,997
1706164128,70
1706164128,590
1706164130,206
1706164131,714
1706164131,296
1706167731,379
1706167731,448
1706167733,548
1706167733,660
1706167743,434
1706167743,374
1706171343,988
1706171343,975
1706171343,281
1706171343,816
1706171343,747
1706171344,637
1706171354,451
1706171355,55
1706171356,759
1706171356,240
1706174956,153
1706174958,15
1706174963,512
1706178563,120
1706178623,562
1706178625,715
1706182225,357
1706182227,173
1706182232,618
1706182232,732
1706182233,322
1706182233,677
1706182235,91
1706185835,584
1706185835,797
1706185840,83
1706185842,351
1706185842,291
1706185842,407
1706185902,577
1706185903,285
1706185913,719
1706185918,815
1706185928,705
1706185930,813
1706185931,1000
1706185931,553
1706185931,863
1706185941,507
1706185951,144
1706189551,337
1706189611,672
1706189611,703
1706189611,32
1706189612,838
1706189613,706
1706189623,354
1706189623,106
1706193223,876
1706193224,141
1706196824,546
1706196824,472
1706196829,192
1706196829,841
1706196829,586
1706196829,940
1706196829,890
1706196831,668
1706196831,299
1706196831,875
1706196832,207
1706196832,35
1706196834,100
1706196835,749
1706200435,282
1706200495,307
1706200495,127
1706200497,470
1706200502,762
1706200502,660
1706200502,964
1706200512,368
1706200512,331
1706200513,147
1706200513,584
1706200513,845
1706200513,912
1706200573,8
1706200573,209
1706200583,787
1706200643,527
1706200648,360
1706200658,68
1706200668,997
1706204268,742
1706204268,70
1706207868,181
1706207868,176
1706207928,332
1706207928,551
1706207930,399
1706207932,506
1706211532,891
1706211532,44
1706211532,430
1706211533,357
1706215133,287
1706215133,832
1706215135,115
1706215195,686
1706215200,869
1706215201,697
1706215202,82
1706215204,273
1706215204,787
1706215264,492
1706215274,712
1706215274,710
1706215274,166
1706215334,499
1706215334,880
1706215336,286
1706215336,855
1706218936,647
1706218941,685
1706218941,835
1706218946,345
1706218947,30
1706218947,47
1706218948,924
1706222548,584
1706222608,733
1706222613,644
1706222613,518
1706222613,659
1706222613,211
1706222613,913
1706222613,948
1706222613,317
1706222618,587
1706222623,949
1706222633,963
1706222638,275
1706222638,816
1706222638,689
1706222638,127
1706222638,467
1706222639,1000
1706222639,167
1706222640,434
1706226240,933
1706226240,198
1706226245,747
1706226305,657
1706226307,698
1706226307,154
1706226307,226
1706226308,641
1706226310,798
1706226311,754
1706226371,412
1706226371,911
1706226376,847
1706226381,335
1706226383,526
1706229983,36
1706229983,653
1706229988,633
1706229988,771
1706229988,263
1706229988,857
1706229988,53
1706229998,500
1706230008,670
1706230009,611
1706230069,374
1706230070,448
1706230070,32
1706230130,550
1706230131,763
1706230132,463
1706230192,631
1706230192,545
1706230252,921
1706230252,729
1706230252,745
1706230253,634
1706230253,301
1706230254,546
1706230254,783
1706230264,515
1706230264,1
1706230324,259
1706233924,206
1706233924,518
1706233924,297
1706233924,101
1706233984,171
1706233984,887
1706233984,144
1706233986,454
1706233996,445
1706234056,266
1706234116,50
1706234116,40
1706234116,302
1706234126,211
1706234126,928
1706234126,140
1706234127,893
1706234129,869
1706234130,656
1706234130,24
1706234131,334
1706234131,661
1706234136,222
1706234137,987
1706234137,122
1706234138,816
1706237738,789
1706237739,70
1706237749,147
1706237749,390
1706237750,166
1706241350,119
1706241360,45
1706241361,408
1706244961,915
1706244961,954
1706244962,569
1706244962,321
1706244972,530
1706244974,907
1706244974,837
1706245034,107
1706248634,870
1706248639,445
1706252239,244
1706252244,325
1706255844,854
1706255854,936
1706255864,620
1706255874,168
1706255934,899
1706255935,325
1706255940,462
1706255945,76
1706255955,380
1706255965,919
1706256025,511
1706259625,438
1706259685,774
1706259686,33
1706259746,205
1706259746,338
1706259751,700
1706259752,910
1706259752,734
1706259752,404
1706259752,190
1706259762,175
1706259762,521
1706259763,416
1706259768,99
1706259768,499
1706259768,361
1706259768,299
1706259773,969
1706259774,83
1706259775,892
1706259776,646
1706259786,328
1706259786,158
1706259786,294
1706259788,918
1706259790,321
1706259790,55
1706259792,813
1706259802,910
1706259802,783
1706259802,77
1706259803,495
1706259808,971
1706259808,993
1706259818,519
1706259820,437
1706259820,873
1706259821,990
1706259821,361
1706263421,452
1706263481,589
1706263481,245
1706263481,328
1706263491,16
1706267091,818
1706267091,255
1706267092,832
1706267152,588
1706267153,78
1706267153,774
1706267153,348
1706270753,771
1706270753,555
1706274353,205
1706274358,135
1706274363,457
1706274363,27
1706274365,51
1706274365,290
1706274365,796
1706274366,590
1706274366,650
1706274368,151
1706274373,124
1706274373,650
1706274373,680
1706274378,889
1706274378,655
1706274379,842
1706274379,966
1706274381,755
1706274381,578
1706274381,112
1706277981,910
1706278041,523
1706278041,800
1706278042,189
1706278047,700
1706278047,274
1706278047,313
1706281647,939
1706285247,339
1706285257,304
1706285258,934
1706285318,799
1706285318,847
1706285328,891
1706285388,97
1706285388,935
1706285393,520
1706285398,258
1706288998,63
1706289058,512
1706289058,293
1706289058,176
1706289060,167
1706289060,43
1706289120,742
1706289130,285
1706289130,586
1706289140,760
1706289140,410
1706289140,827
1706289140,399
1706289145,801
1706289146,420
1706289148,88
1706292748,7
1706292748,71
1706292808,451
1706292808,497
1706292813,836
1706292873,37
1706292873,352
1706292873,321
1706292933,934
1706292933,363
1706296533,100
1706296534,301
1706296534,672
1706296534,888
1706296536,240
1706296536,451
1706296541,543
1706296541,712
1706296541,506
1706296546,664
1706296551,309
1706296552,476
1706296552,327
1706296552,296
1706296552,718
1706296552,614
1706296552,405
1706296554,259
1706296559,579
1706296564,123
1706296624,864
1706296624,122
1706296624,474
1706296626,472
1706296626,923
1706296626,855
1706296626,412
1706296627,951
1706296632,742
1706296692,422
1706300292,802
1706303892,149
1706303892,572
1706307492,469
1706307493,127
1706311093,901
1706311103,165
1706311108,658
1706311118,908
1706311118,950
1706311118,3
1706311128,52
1706311130,777
1706311130,768
1706311131,738
1706311131,173
1706311132,701
1706311132,58
1706311132,763
1706311142,758
1706311142,482
1706314742,603
1706314743,448
1706314743,8
1706314744,951
1706314746,119
1706314747,663
1706314749,436
1706314754,592
1706314754,413
1706314754,558
1706314754,334
1706318354,199
1706321954,134
1706321956,839
1706321957,415
1706321957,468
1706321957,913
1706321958,613
1706321959,42
1706321960,403
1706321960,112
1706325560,275
1706325562,564
1706325562,438
1706325567,125
1706325569,461
1706325570,487
1706325570,285
1706329170,639
1706329170,893
1706329170,654
1706329175,3
1706329177,824
1706329178,582
1706332778,8
1706332778,356
1706332788,463
1706332790,941
1706332791,586
1706332801,650
1706332801,583
1706332806,887
1706336406,465
1706336466,532
1706336467,936
1706336467,469
1706336467,142
1706340067,798
1706340068,560
1706340068,636
1706340069,673
1706340069,246
1706340070,551
1706340130,265
1706340130,277
1706340130,110
1706340132,415
1706340132,300
1706340133,934
1706340138,984
1706340139,333
1706340149,881
1706340149,687
1706343749,410
1706343749,674
1706343750,720
1706343760,879
1706343760,345
1706343760,1
1706343760,113
1706343765,535
1706343770,258
1706343780,82
1706343785,386
1706343785,745
1706343795,28
1706343800,420
1706343800,92
1706343800,839
1706343800,523
1706343801,112
1706343801,433
1706343801,430
1706343801,922
1706343801,856
1706343861,279
1706343861,334
1706343861,868
1706343861,5
1706343921,836
1706343921,876
1706343926,130
1706343926,368
1706343926,60
1706343936,261
1706343937,551
1706343937,254
1706343939,220
1706343940,570
1706343941,476
1706343946,752
1706343956,797
1706343961,726
1706343961,775
1706343961,447
1706343961,672
1706347561,78
1706347563,252
1706347564,135
1706347569,319
1706347569,371
1706347629,335
1706347629,972
1706347631,475
1706347641,239
1706347641,513
1706347642,539
1706347647,194
1706347707,950
1706351307,288
1706354907,888
1706354907,267
1706358507,871
1706358507,212
1706358507,419
1706358567,528
1706358627,267
1706358629,516
1706358689,69
1706358690,992
1706358690,191
1706358690,759
1706358750,188
1706358752,849
1706358812,818
1706358812,428
1706358812,785
1706362412,2
1706362414,964
1706362416,466
1706362476,360
1706362476,885
1706362478,672
1706362538,26
1706362539,25
1706362599,84
1706362659,608
1706362659,168
1706362660,40
1706362660,282
1706362661,746
1706362661,365
1706362661,774
1706366261,916
1706366262,670
1706366322,888
1706366322,801
1706366323,308
1706366323,803
1706366324,9
1706366326,514
1706366327,632
1706366329,908
1706366329,925
1706369929,116
1706369929,768
1706369929,711
1706369989,14
1706369989,919
1706369989,201
1706369999,984
1706370001,589
1706370061,146
1706370063,313
1706370064,787
1706370124,680
1706370124,157
1706370129,235
1706370129,533
1706370130,629
1706370131,862
1706370132,229
1706370132,979
1706370132,531
1706370137,724
1706370147,667
1706370149,454
1706370149,979
1706370149,278
1706370209,535
1706370209,581
1706370209,394
1706370211,348
1706370212,292
1706373812,115
1706373812,738
1706377412,375
1706377412,829
1706377412,465
1706377412,905
1706377412,237
1706377422,104
1706377432,263
1706377432,986
1706377433,894
1706377433,621
1706377493,172
1706381093,290
1706381094,1
1706381094,133
1706381104,967
1706381104,403
1706381104,338
1706381104,766
1706381109,202
1706381109,338
1706381109,294
1706381110,811
1706381111,531
1706381121,495
1706381126,394
1706381126,94
1706381126,446
1706381186,35
1706381191,540
1706381191,834
1706384791,73
1706384792,184
1706384793,295
1706388393,451
1706388394,485
1706388399,125
1706388399,713
1706388400,344
1706388405,895
1706388405,198
1706388405,747
1706388465,616
1706388465,746
1706388465,111
1706388465,241
1706388465,190
1706388465,711
1706388466,542
1706388466,625
1706388476,640
1706388476,743
1706388476,586
1706388478,274
1706392078,810
1706392078,848
1706392078,997
1706392079,71
1706395679,449
1706395679,550
1706395739,488
1706395799,796
1706395800,968
1706395800,93
1706395810,240
1706395811,817
1706395811,420
1706395816,797
1706395817,884
1706395817,100
1706395818,334
1706399418,811
1706399418,418
1706399418,407
1706399418,797
1706399419,455
1706399419,377
1706399419,292
1706399429,404
1706399429,755
1706399429,587
1706399430,893
1706399432,111
1706399492,681
1706403092,461
1706406692,239
1706406693,889
1706406695,853
1706406697,547
1706406697,838
1706406697,698
1706406707,405
1706406707,676
1706406712,326
1706406722,15
1706406722,979
1706406722,171
1706406723,934
1706406733,862
1706406733,466
1706406733,306
1706406738,188
1706406743,27
1706410343,247
1706410344,273
1706410344,759
1706410346,304
1706410347,155
1706410349,586
1706410359,421
1706410360,90
1706410361,879
1706410363,404
1706410363,802
1706410423,999
1706410483,678
1706410483,201
1706410485,956
1706410485,600
1706410485,735
1706410486,997
1706410486,725
1706410487,551
1706410497,163
1706410497,333
1706410499,661
1706410499,4
1706410499,345
1706410499,378
1706410501,61
1706410561,808
1706410562,527
1706410563,722
1706410563,381
1706410563,6
1706410568,839
1706410568,133
1706410568,165
1706410568,916
1706410568,138
1706410568,562
1706410568,484
1706410578,927
1706410578,683
1706410588,59
1706410588,294
1706410590,550
1706410590,42
1706410590,91
1706410590,972
1706410591,462
1706410591,129
1706410592,635
1706410592,711
1706410593,785
1706414193,783
1706414253,50
1706414253,247
1706414254,310
1706414254,323
1706414255,634
1706414255,183
1706414260,689
1706414260,178
1706417860,714
1706417870,939
1706421470,285
1706421471,391
1706421472,647
1706421472,219
1706421482,959
1706421482,760
1706421487,429
1706421489,98
1706421489,260
1706421489,228
1706425089,712
1706425089,14
1706425091,10
1706425092,407
1706425093,684
1706425093,824
1706425094,345
1706425094,608
1706425099,205
1706425101,953
1706425102,947
1706425162,103
1706425164,801
1706425164,892
1706428764,633
1706428765,401
1706428825,5
1706432425,270
1706432425,943
1706432425,354
1706436025,848
1706436027,891
1706436027,711
1706436087,182
1706436097,356
1706436097,185
1706439697,553
1706439702,917
1706439762,18
1706439767,866
1706443367,914
1706443368,619
1706443368,530
1706443370,668
1706443370,842
1706443380,961
1706443385,588
1706443386,112
1706446986,872
1706450586,305
1706450586,459
1706454186,374
1706454196,912
1706454198,875
1706454200,492
1706454210,989
1706454215,948
1706454216,352
1706454276,16
1706454276,125
1706454276,221
1706454278,707
1706454288,74
1706454293,937
1706454293,482
1706454295,295
1706454355,518
1706454365,809
1706457965,392
1706457966,897
1706457967,5
1706457967,357
1706458027,267
1706458027,83
1706461627,742
1706461627,480
1706461628,728
1706461630,189
1706461690,665
1706461750,236
1706461810,356
1706461811,895
1706461821,45
1706461822,83
1706461882,223
1706461884,975
1706461884,389
1706461944,217
1706461945,132
1706461945,568
1706461945,396
1706461945,169
1706461946,840
1706461948,814
1706462008,151
1706462008,520
1706465608,485
1706465609,837
1706465609,881
1706465611,40
1706465671,467
1706465673,508
1706465673,72
1706465683,736
1706465688,19
1706465690,586
1706465750,510
1706465751,184
1706465761,806
1706465761,525
1706469361,979
1706472961,989
1706472962,684
1706472962,909
1706472962,588
1706472963,519
1706472964,615
1706472964,202
1706476564,874
1706476565,510
1706476575,320
1706480175,919
1706480175,599
1706480175,608
1706480175,59
1706480177,666
1706480179,379
1706480181,624
1706480241,71
1706480241,445
1706480241,393
1706480246,805
1706480306,560
1706480308,375
1706480309,277
1706483909,666
1706483909,395
1706483909,321
1706483910,316
1706483910,21
1706483912,873
1706483922,531
1706483927,699
1706483937,801
1706483997,186
1706483997,516
1706483998,663
1706484008,380
1706484008,66
1706484008,152
1706484068,711
1706484068,645
1706484068,229
1706484078,961
1706487678,865
1706487679,770
1706487684,742
1706487684,490
1706487684,952
1706487694,481
1706487704,307
1706487704,869
1706487704,301
1706487714,485
1706487724,38
1706487734,523
1706487739,92
1706487799,528
1706487809,15
1706491409,987
1706491414,341
1706495014,521
1706495016,385
1706495026,149
1706495031,905
1706495031,379
1706495036,56
1706495036,329
1706495096,424
1706495097,563
1706495097,935
1706498697,782
1706498697,691
1706498697,512
1706498757,819
1706498758,367
1706498818,443
1706498819,576
1706498820,714
1706498821,595
1706498822,605
1706502422,836
1706502423,57
1706502423,605
1706502433,409
1706502443,491
1706502445,226
1706502445,290
1706506045,929
1706506046,832
1706506106,709
1706506111,928
1706506111,829
1706506111,618
1706506112,71
1706506114,949
1706506119,69
1706506119,286
1706506121,257
1706506121,132
1706506121,97
1706506122,691
1706509722,95
1706509722,847
1706509723,824
1706509723,110
1706509723,413
1706509728,457
1706509728,750
1706509738,334
1706509748,325
1706509758,95
1706509760,269
1706509761,849
1706509771,696
1706509776,635
1706509777,557
1706509787,526
1706509788,336
1706509788,477
1706509789,751
1706509849,650
1706509849,27
1706509909,853
1706509909,597
1706509909,644
1706509909,484
1706509914,455
1706509914,531
1706509914,681
1706509914,651
1706509974,404
1706509974,478
1706509974,703
1706509974,559
1706509974,154
1706509976,878
1706513576,790
1706513581,621
1706513581,835
1706513582,113
1706513592,138
1706513592,80
1706513593,855
1706513603,113
1706513605,445
1706513605,417
1706513610,396
1706513610,70
1706513611,151
1706513612,623
1706513617,474
1706513618,926
1706513623,298
1706513625,855
1706513626,692
1706513636,923
1706513636,557
1706513638,453
1706513638,415
1706517238,345
1706517298,202
1706517358,223
1706517363,712
1706517363,644
1706517423,220
1706517423,436
1706517428,679
1706517428,546
1706517438,824
1706517438,858
1706517438,345
1706517438,496
1706521038,59
1706521039,607
1706524639,178
1706524644,136
1706524645,842
1706524645,695
1706524650,538
1706524650,873
1706524650,254
1706528250,822
1706531850,790
1706531910,304
1706531910,370
1706531911,276
1706531911,781
1706531911,918
1706531913,621
1706531913,986
1706531915,8
1706531925,259
1706531926,819
1706531936,756
1706531937,528
1706535537,882
1706535547,23
1706535549,206
1706535549,307
1706535551,286
1706539151,480
1706539151,140
1706539151,380
1706539151,222
1706539161,290
1706539162,102
1706539163,486
1706539163,944
1706539163,741
1706539168,711
1706539168,163
1706539178,378
1706539179,388
1706539184,117
1706539184,805
1706542784,729
1706542844,373
1706542844,536
1706546444,475
1706550044,895
1706550104,761
1706550114,961
1706550115,750
1706550116,931
1706550116,712
1706550116,795
1706550116,586
1706550117,811
1706550127,236
1706550132,739
1706550133,222
1706550133,288
1706553733,450
1706553733,691
1706553733,872
1706557333,542
1706557334,313
1706557334,249
1706560934,487
1706560934,365
1706560935,428
1706560935,849
1706560940,246
1706560940,554
1706561000,253
1706564600,362
1706564600,366
1706564601,947
1706568201,732
1706568261,248
1706568266,990
1706571866,48
1706571926,803
1706571986,438
1706571986,839
1706571986,766
1706572046,552
1706572046,962
1706572046,240
1706572046,702
1706572046,77
1706572056,654
1706575656,338
1706575656,14
1706575656,477
1706575716,551
1706575718,381
1706575728,424
1706575729,486
1706575729,273
1706575739,571
1706575744,936
1706575749,604
1706575749,452
1706575749,946
1706575754,981
1706575754,159
1706575759,186
1706575759,6
1706575819,91
1706575824,993
1706575824,38
1706575824,635
1706575825,706
1706575826,238
1706575827,687
1706575887,283
1706579487,582
1706579547,69
1706579552,714
1706579552,261
1706579552,359
1706579552,765
1706579562,100
1706579622,122
1706579623,630
1706579633,901
1706583233,440
1706583233,508
1706583233,913
1706586833,746
1706586833,445
1706590433,580
1706590433,308
1706590493,786
1706590498,720
1706590499,714
1706590504,585
1706590504,220
1706590504,97
1706590505,374
1706590506,614
1706594106,983
1706594107,402
1706594107,554
1706594107,591
1706594107,29
1706594107,109
1706594108,949
1706594108,834
1706594110,422
1706594112,847
1706594112,546
1706594113,941
1706597713,146
1706597713,967
1706597714,953
1706597716,971
1706597716,96
1706597718,534
1706597718,331
1706597720,971
1706597720,87
1706597780,671
1706597790,383
1706597791,973
1706597792,41
1706597792,703
1706597793,866
1706597803,270
1706597803,255
1706597805,110
1706601405,915
1706601405,326
1706601405,715
1706601405,953
1706601405,340
1706601405,37
1706601410,25
1706601411,854
1706601411,359
1706605011,204
1706605012,823
1706605012,514
1706605072,917
1706605132,837
1706605132,355
1706605132,631
1706608732,382
1706608733,413
1706608733,38
1706608734,369
1706608794,429
1706608795,40
1706608795,375
1706608795,26
1706608796,731
1706608798,871
1706608799,960
1706608800,180
1706608800,188
1706608800,353
1706608801,343
1706608806,506
1706608806,518
1706608866,982
1706608926,848
1706608926,223
1706608986,16
1706608987,89
1706608987,110
1706612587,43
1706612587,917
1706612588,127
1706612588,644
1706612588,962
1706612588,289
1706612648,216
1706612708,7
1706612718,117
1706612778,1000
1706612778,477
1706616378,11
1706616379,955
1706619979,340
1706620039,289
1706620039,997
1706620040,21
1706620041,990
1706620042,820
1706623642,976
1706623652,327
1706623712,332
1706623772,380
1706623772,434
1706623773,489
1706623774,249
1706627374,623
1706627374,933
1706627376,718
1706627377,741
1706627378,710
1706627379,278
1706627381,489
1706627391,394
1706627396,665
1706627396,53
1706627401,536
1706627401,660
1706627401,773
1706627402,773
1706627404,382
1706627409,534
1706631009,955
1706631009,693
1706631009,843
1706631009,83
1706631011,983
1706631016,167
1706631016,255
1706631018,319
1706631018,813
1706631028,934
1706631029,554
1706631029,44
1706631030,747
1706631035,766
1706631035,774
1706631035,904
1706631035,57
1706631035,518
1706631035,644
1706631035,487
1706631036,446
1706631036,697
1706631037,794
1706631037,755
1706631038,434
1706631038,72
1706631039,423
1706631099,178
1706631099,466
1706631100,172
1706631160,248
1706631160,20
1706631165,846
1706631165,606
1706631170,83
1706631230,508
1706631230,73
1706631230,770
1706631230,271
1706631231,901
1706631231,841
1706631233,40
1706631238,179
1706634838,679
1706638438,618
1706638448,226
1706638448,90
1706638453,640
1706638455,13
1706638456,139
1706638461,954
1706642061,998
1706642061,346
1706642062,303
1706642064,580
1706642066,315
1706642067,519
1706642068,936
1706642068,488
1706642069,270
1706642071,308
1706642071,414
1706642131,533
1706642131,805
1706642132,336
1706642132,352
1706642133,64
1706642133,686
1706642133,400
1706642143,963
1706642148,204
1706642148,900
1706642148,539
1706642148,23
1706642148,396
1706642150,152
1706642210,328
1706642210,569
1706642212,837
1706642213,481
1706642213,800
1706642213,638
1706642215,413
1706645815,927
1706645820,464
1706645821,93
1706645822,159
1706645824,699
1706645825,383
1706645825,150
1706645825,303
1706645825,513
1706645825,69
1706645825,592
1706645825,625
1706645826,215
1706645836,910
1706645896,114
1706645896,740
1706649496,403
1706649497,545
1706649498,942
1706649558,920
1706649558,281
1706649559,659
1706649564,301
1706649566,958
1706649626,37
1706649636,43
1706649638,875
1706649638,328
1706649640,164
1706649641,417
1706649641,906
1706649646,849
1706653246,546
1706653256,132
1706653258,726
1706653258,426
1706653268,716
1706653270,325
1706653270,987
1706653271,259
1706653271,594
1706653272,274
1706653272,424
1706653272,143
1706653274,923
1706653279,920
1706653281,762
1706653283,192
1706653285,608
1706653285,622
1706653285,546
1706653345,887
1706656945,873
1706657005,791
1706657006,984
1706660606,914
1706660606,348
1706660606,887
1706660666,786
1706664266,468
1706664266,905
1706667866,156
1706667866,201
1706667866,74
1706667867,545
1706667872,227
1706667882,897
1706667883,329
1706667893,367
1706671493,178
1706671495,436
1706671497,358
1706671497,924
1706671497,334
1706671498,979
1706671498,999
1706671503,637
1706671508,778
1706671508,11
1706671508,92
1706671513,832
1706671513,766
1706671573,829
1706671578,593
1706671583,709
1706671585,476
1706671586,791
1706671646,779
1706675246,312
1706675306,253
1706675308,2
1706675308,899
1706675308,199
1706675308,794
1706675308,819
1706675308,176
1706675368,168
1706675370,786
1706678970,162
1706678970,331
1706679030,464
1706682630,294
1706682630,929
1706682632,804
1706682637,644
1706682642,501
1706682642,889
1706682643,30
1706682645,334
1706682655,426
1706686255,622
1706686256,374
1706686256,98
1706686257,174
1706686258,888
1706686258,138
1706689858,149
1706689859,551
1706689860,305
1706689870,40
1706689870,309
1706689871,697
1706689871,279
1706693471,83
1706693472,226
1706693482,342
1706693482,138
1706693484,411
1706693484,520
1706697084,91
1706697086,345
1706697087,995
1706697088,910
1706697089,998
1706697091,370
1706697096,643
1706697096,404
1706697098,196
1706697158,345
1706697160,483
1706697161,870
1706697162,717
1706697162,553
1706697163,748
1706697173,337
1706697178,644
1706697178,732
1706697178,180
1706697179,955
1706697179,192
1706697179,290
1706697239,256
1706697249,547
1706697251,433
1706697311,817
1706697311,273
1706697312,889
1706697312,341
1706697322,546
1706697324,568
1706697324,735
1706700924,411
1706700934,592
1706700994,423
1706700994,791
1706700994,714
1706700994,546
1706700996,543
1706700997,686
1706700998,525
1706701058,710
1706704658,374
1706708258,285
1706708259,681
1706708261,1
1706708271,494
1706708272,149
1706708274,301
1706708274,52
1706708284,579
1706708289,105
1706708294,397
1706708295,715
1706708305,181
1706708315,860
1706708315,648
1706711915,157
1706711915,688
1706711915,447
1706711915,168
1706711915,533
1706711915,711
1706711920,762
1706711922,330
1706711922,371
1706711927,752
1706711929,785
1706715529,298
1706715589,71
1706715590,669
1706715590,217
1706715590,632
1706715590,227
1706715590,54
1706715650,754
1706715650,119
1706715660,75
1706715660,755
1706715661,919
1706719261,261
1706719261,975
1706719261,932
1706719271,876
1706719331,877
1706719332,622
1706719332,437
1706719332,573
1706719332,332
1706719334,386
1706719336,953
1706719396,932
1706719397,559
1706719399,238
1706719459,169
1706719459,278
1706719459,455
1706719519,68
1706719520,492
1706719525,739
1706719585,4
1706719587,804
1706723187,222
1706723189,623
1706723249,350
1706723249,1000
1706723249,108
1706726849,611
1706726849,655
1706726850,175
1706726850,725
1706726850,792
1706726855,254
1706726865,214
1706726870,122
1706726870,533
1706726930,690
1706730530,90
1706734130,655
1706734131,229
1706734133,464
1706734133,403
1706734133,596
1706734133,709
1706734133,496
1706734133,217
1706734133,201
1706734133,593
1706734133,916
1706734133,164
1706734133,474
1706734133,962
1706734138,62
1706734138,327
1706734198,537
1706734199,776
1706734200,323
1706734202,601
1706734202,534
1706734203,215
1706734213,209
1706734213,210
1706734273,112
1706734283,786
1706734284,235
1706734344,882
1706737944,277
1706737944,427
1706737949,300
1706741549,418
1706745149,794
1706748749,55
1706748750,922
1706748755,565
1706748755,23
1706748755,375
1706748757,933
1706748817,506
1706748819,19
1706748819,998
1706748820,258
1706748822,818
1706748823,219
1706748824,426
1706748824,712
1706748834,487
1706748834,440
1706748834,980
1706748834,238
1706752434,754
1706756034,245
1706756034,41
1706756034,6
1706756094,725
1706756104,309
1706756104,843
1706756104,77
1706756104,759
1706756114,446
1706756116,847
1706756126,739
1706759726,880
1706759727,704
1706759728,629
1706759729,716
1706759789,730
1706763389,869
1706763391,779
1706763396,359
1706763398,954
1706763398,10
1706763403,782
1706763403,76
1706763403,190
1706763403,930
1706763404,300
1706763405,413
1706763405,513
1706763465,242
1706763465,847
1706763467,159
1706763472,499
1706763474,105
1706763475,961
1706763480,897
1706763480,516
1706763481,953
1706763481,365
1706763483,592
1706763484,530
1706763484,333
1706763484,726
1706763484,217
1706763489,346
1706763490,140
1706763490,285
1706763490,468
1706763490,940
1706763550,580
1706763550,935
1706767150,24
1706767152,524
1706767157,510
1706767217,520
1706767218,680
1706767220,412
1706767222,956
1706767222,811
1706767223,81
1706767223,776
1706767223,119
1706767225,58
1706770825,117
1706770825,801
1706770826,535
1706770886,251
1706770946,679
1706770947,474
1706770957,606
1706770959,600
1706771019,656
1706771020,785
1706771020,176
1706771020,906
1706771020,351
1706771021,617
1706771081,606
1706771081,439
1706771081,302
1706771141,938
1706771142,365
1706771143,555
1706771153,439
1706774753,199
1706778353,471
1706778358,297
1706781958,701
1706781968,214
1706781970,283
1706781970,744
1706781971,393
1706781973,292
1706781973,259
1706781973,91
1706782033,628
1706782033,441
1706782043,71
1706782043,948
1706782103,796
1706782163,286
1706782164,994
1706782165,911
1706782165,531
1706782175,329
1706782176,882
1706782176,998
1706785776,85
1706789376,56
1706789436,139
1706789436,114
1706789496,795
1706789496,575
1706789501,663
1706789511,972
1706789511,94
1706789513,17
1706789514,108
1706789515,311
1706789575,286
1706789580,639
1706789640,785
1706789700,331
1706789701,839
1706789701,51
1706789703,791
1706789703,773
1706789703,180
1706789703,996
1706789705,297
1706793305,172
1706793305,564
1706793307,65
1706793312,887
1706796912,756
1706796913,243
1706796973,702
1706796983,50
1706796984,68
1706796984,126
1706796984,30
1706796984,594
1706796994,900
1706797004,569
1706797004,477
1706797009,674
1706797014,596
1706797014,611
1706800614,993
1706800614,933
1706800614,583
1706800619,181
1706800619,444
1706800619,165
1706800621,301
1706800621,811
1706804221,375
1706804226,864
1706804227,412
1706804227,888
1706804227,605
1706804228,537
1706804288,27
1706804288,574
1706804288,219
1706804289,734
1706804349,477
1706804349,550
1706804351,81
1706804353,825
1706804353,332
1706804413,573
1706804423,672
1706804428,793
1706804428,526
1706804428,694
1706804488,47
1706808088,729
1706811688,577
1706811748,13
1706811758,406
1706811763,289
1706811768,979
1706811768,705
1706811778,776
1706811838,126
1706811838,140
1706811838,912
1706811838,93
1706811839,134
1706811840,638
1706811840,158
1706811841,976
1706811841,539
1706811851,599
1706811851,324
1706811851,592
1706811861,881
1706811921,872
1706811923,629
1706811924,742
1706811924,947
1706811934,452
1706811934,362
1706811934,567
1706811936,341
1706811936,133
1706811937,337
1706811947,772
1706811947,236
1706811949,88
1706811949,837
1706811954,513
1706811954,277
1706811955,109
1706811957,810
1706812017,534
1706812017,182
1706812017,861
1706812017,828
1706812017,932
1706812018,310
1706812019,97
1706812020,495
1706812020,404
1706812025,261
1706812027,934
1706812027,59
1706812027,329
1706812029,278
1706812029,622
1706812089,223
1706812090,926
1706812090,701
1706812091,304
1706815691,304
1706815691,220
1706815692,870
1706819292,482
1706819302,776
1706819302,581
1706819362,667
1706819422,756
1706819432,536
1706819432,739
1706819437,709
1706819437,201
1706819439,902
1706819439,746
1706819449,319
1706819449,614
1706823049,948
1706823049,782
1706823054,47
1706826654,853
1706826654,377
1706826655,59
1706826655,788
1706826656,683
1706826656,824
1706830256,477
1706830316,873
1706830321,544
1706830322,666
1706830322,671
1706830322,924
1706830322,449
1706830322,832
1706830324,461
1706830324,230
1706830324,272
1706830324,817
1706830334,207
1706830335,556
1706830335,705
1706830336,493
1706830337,340
1706830342,121
1706830342,313
1706830344,737
1706830349,832
1706830350,854
1706830360,74
1706830361,779
1706830371,292
1706830431,16
1706830431,872
1706830431,13
1706830432,280
1706830433,502
1706830493,312
1706830553,934
1706830558,552
1706830559,195
1706830559,597
1706830569,143
1706830570,771
1706830571,846
1706830573,854
1706830633,522
1706830638,738
1706830643,515
1706830703,94
1706830763,18
1706830823,893
1706830823,725
1706830883,883
1706830884,537
1706834484,814
1706834484,234
1706838084,873
1706838084,215
1706838084,659
1706838089,84
1706838094,982
1706838096,879
1706838156,350
1706841756,551
1706841756,969
1706841761,156
1706841766,121
1706841776,501
1706841776,64
1706841778,505
1706841779,19
1706841779,452
1706841779,693
1706841781,416
1706841781,137
1706841791,77
1706841801,416
1706841802,810
1706841802,135
1706841802,26
1706841862,697
1706841922,722
1706841927,505
1706841928,990
1706841928,985
1706841929,289
1706841930,959
1706841932,56
1706841992,825
1706841994,594
1706841994,573
1706841995,401
1706841995,713
1706841995,149
1706841996,830
1706842001,347
1706842011,229
1706842011,701
1706842011,392
1706842011,525
1706842011,306
1706845611,275
1706845611,291
1706845621,898
1706845626,725
1706845686,159
1706845686,664
1706849286,714
1706849286,988
1706849296,507
1706852896,355
1706852896,222
1706852901,184
1706852961,877
1706852963,201
1706852964,188
1706852964,345
1706852965,699
1706852967,262
1706852969,703
1706852974,145
1706852974,420
1706852974,495
1706852974,100
1706852979,228
1706853039,219
1706853040,744
1706853050,743
1706853050,99
1706853051,638
1706853051,446
1706853056,530
1706856656,982
1706856656,996
1706856656,574
1706856716,16
1706856716,455
1706856716,580
1706856776,912
1706856781,155
1706860381,927
1706860381,253
1706860381,975
1706860383,79
1706860383,12
1706860383,485
1706860388,144
1706860388,789
1706860388,881
1706860398,157
1706860399,650
1706860401,112
1706860401,29
1706860461,619
1706860461,525
1706860461,555
1706860461,190
1706860471,105
1706860471,222
1706860473,54
1706860473,293
1706860478,947
1706860480,502
1706860480,978
1706860482,290
1706860484,709
1706860484,76
1706860484,305
1706860489,411
1706860489,942
1706860549,709
1706860609,842
1706860610,388
1706860611,462
1706860611,358
1706860671,933
1706860671,831
1706864271,900
1706864272,760
1706867872,336
1706871472,722
1706871472,719
1706871473,472
1706871483,798
1706871483,543
1706871493,772
1706871493,542
1706871498,881
1706871499,564
1706871504,912
1706871514,910
1706875114,188
1706875174,910
1706875184,49
1706875184,473
1706875184,108
1706875184,54
1706878784,353
1706878784,84
1706882384,120
1706882384,93
1706882384,894
1706882384,854
1706885984,159
1706885984,41
1706885984,440
1706885985,286
1706885986,535
1706885986,471
1706885986,131
1706889586,335
1706889586,991
1706889586,72
1706889586,700
1706889586,255
1706889588,34
1706889590,861
1706889590,442
1706889590,985
1706889591,176
1706889601,124
1706889601,748
1706889601,197
1706893201,79
1706893201,584
1706893206,411
1706893266,323
1706893268,747
1706893268,500
1706893269,473
1706893270,780
1706893275,832
1706893275,395
1706896875,138
1706896876,512
1706896876,677
1706896876,219
1706896876,588
1706896881,362
1706896886,966
1706896886,303
1706896946,407
1706896951,342
1706896951,398
1706896951,548
1706896951,492
1706896956,307
1706896956,551
1706896956,667
1706896956,166
1706900556,244
1706900616,420
1706900616,31
1706900618,979
1706900678,537
1706900738,679
1706900740,541
1706900741,925
1706900741,957
1706900746,229
1706900746,955
1706900756,590
1706900756,152
1706900761,596
1706900761,935
1706900762,561
1706900763,16
1706904363,888
1706904363,940
1706904373,79
1706904374,974
1706904434,39
1706904444,477
1706908044,850
1706908045,73
1706908046,230
1706908106,601
1706908106,389
1706908107,356
1706908108,786
1706908108,640
1706908108,242
1706908108,262
1706908108,786
1706908108,469
1706908110,22
1706908111,595
1706908111,958
1706908121,593
1706911721,641
1706911721,375
1706911721,925
1706915321,49
1706915322,492
1706918922,912
1706918922,885
1706922522,340
1706922582,288
1706922584,671
1706922594,579
1706922654,637
1706922654,596
1706922655,524
1706922665,268
1706922665,667
1706922666,608
1706922668,585
1706922668,260
1706922678,269
1706922679,16
1706922680,678
1706922681,786
1706922681,567
1706922681,698
1706922681,586
1706922686,612
1706922686,58
1706922696,988
1706922697,323
1706922707,625
1706922708,297
1706922708,875
1706922718,264
1706922728,28
1706922728,461
1706922729,739
1706922730,324
1706922790,291
1706922850,305
1706922852,261
1706922852,842
1706922852,404
1706922853,356
1706926453,415
1706926455,436
1706926460,734
1706926465,754
1706926466,599
1706926476,403
1706926481,780
1706926481,892
1706926481,742
1706926482,715
1706926487,715
1706926488,658
1706926490,256
1706926492,698
1706926497,801
1706926497,657
1706926497,217
1706926498,571
1706926498,335
1706926500,394
1706926560,703
1706926560,295
1706926560,404
1706926560,562
1706926565,528
1706926566,726
1706930166,84
1706933766,22
1706933768,143
1706937368,942
1706937373,63
1706937373,350
1706937374,5
1706937374,693
1706937375,275
1706937376,484
1706937376,358
1706937376,888
1706937377,780
1706937377,731
1706937378,920
1706937378,611
1706937388,121
1706940988,177
1706941048,527
1706941050,752
1706941110,166
1706941110,965
1706941170,856
1706941171,221
1706941173,514
1706941233,281
1706941238,993
1706941238,908
1706941239,819
1706941240,330
1706941241,646
1706941242,90
1706944842,274
1706944902,287
1706944903,646
1706944904,260
1706944904,553
1706948504,73
1706948504,662
1706948504,260
1706948504,946
1706948504,69
1706948504,506
1706948505,250
1706948515,858
1706948515,246
1706948517,972
1706948517,410
1706948517,814
1706948527,921
1706948532,207
1706948534,654
1706948535,682
1706948536,361
1706948596,294
1706948596,897
1706948597,226
1706948602,249
1706948607,623
1706948617,432
1706948627,936
1706948629,510
1706948631,484
1706948691,275
1706948691,259
1706948696,971
1706948696,480
1706952296,503
1706952296,200
1706952298,652
1706952300,89
1706952310,40
1706952310,91
1706952370,792
1706952430,382
1706952430,420
1706952430,846
1706952490,623
1706952491,295
1706952492,986
1706952492,557
1706952493,162
1706956093,607
1706956093,141
1706956093,711
1706956103,346
1706956103,89
1706956103,432
1706956108,279
1706959708,539
1706959708,568
1706959708,928
1706959708,276
1706959708,322
1706959768,605
1706959768,202
1706959769,857
1706959774,200
1706959774,145
1706963374,260
1706963379,87
1706963381,846
1706963381,428
1706963382,784
1706963387,476
1706963388,340
1706966988,423
1706970588,12
1706970593,913
1706970653,164
1706970658,91
1706970658,14
1706970659,688
1706970659,869
1706970661,256
1706970661,347
1706970661,787
1706970661,691
1706970661,54
1706970671,45
1706970731,949
1706970731,98
1706970736,961
1706970736,300
1706970736,660
1706970737,315
1706970739,13
1706970749,82
1706970759,357
1706970760,486
1706970761,935
1706970761,943
1706970761,693
1706970762,763
1706970762,770
1706974362,970
1706974372,185
1706974373,327
1706974374,461
1706974375,230
1706974385,43
1706974386,541
1706974386,213
1706974391,87
1706974391,153
1706974392,144
1706974392,681
1706974392,905
1706974393,524
1706974393,698
1706974395,239
1706974400,232
1706974400,514
1706974460,300
1706974461,254
1706974466,631
1706974467,463
1706978067,500
1706978068,120
1706978068,178
1706978078,263
1706978080,467
1706978085,141
1706978085,640
1706978085,179
1706978085,132
1706978085,228
1706978090,669
1706978092,172
1706978102,523
1706978102,141
1706978103,294
1706978108,692
1706978108,369
1706978113,369
1706981713,67
1706981715,93
1706985315,93
1706988915,555
1706988925,348
1706988926,581
1706988926,739
1706988936,805
1706988936,343
1706988936,911
1706988996,569
1706989006,182
1706989011,437
1706989012,567
1706989072,127
1706992672,250
1706992672,127
1706992673,552
1706992683,726
1706992688,167
1706992748,503
1706992758,753
1706992763,169
1706992764,611
1706992769,780
1706992769,224
1706992769,829
1706992774,196
1706992784,230
1706992789,423
1706992790,201
1706992792,297
1706992792,128
1706992792,111
1706992793,149
1706992793,135
1706992793,668
1706992793,996
1706992793,767
1706996393,112
1706996394,274
1706996404,943
1706996414,490
1706996414,304
1706996474,514
1706996475,113
1706996475,470
1707000075,822
1707000075,47
1707003675,692
1707003735,297
1707003740,948
1707003741,688
1707003741,620
1707003751,192
1707003761,981
1707003761,447
1707003762,715
1707003762,810
1707007362,657
1707010962,138
1707010962,642
1707011022,17
1707011023,100
1707011028,517
1707011028,169
1707011030,401
1707011035,607
1707014635,424
1707018235,826
1707018235,750
1707018236,464
1707018246,493
1707018246,377
1707018247,717
1707021847,808
1707021848,260
1707021848,578
1707021853,523
1707021913,772
1707021913,913
1707021913,137
1707021973,362
1707022033,580
1707022033,288
1707022035,978
1707025635,606
1707025637,335
1707025637,888
1707025647,413
1707025652,5
1707025652,610
1707029252,736
1707029253,603
1707032853,490
1707032858,363
1707036458,90
1707036459,117
1707036464,398
1707036464,610
1707036524,114
1707036584,288
1707036584,225
1707036585,369
1707036590,135
1707036590,254
1707036590,464
1707036590,175
1707040190,420
1707040191,409
1707040192,405
1707040192,521
1707040192,546
1707040202,230
1707040202,913
1707043802,133
1707043802,458
1707047402,563
1707047402,496
1707051002,752
1707051002,143
1707051002,362
1707051007,816
1707051007,454
1707051008,984
1707051008,191
1707051009,57
1707051011,870
1707051011,388
1707051011,257
1707051012,103
1707051013,61
1707051023,856
1707051023,882
1707051024,906
1707051025,279
1707051085,60
1707051086,889
1707051146,581
1707051147,410
1707051147,665
1707051149,908
1707051209,78
1707051209,236
1707051211,77
1707051211,927
1707051211,604
1707051211,177
1707051271,5
1707051273,76
1707051273,752
1707051274,752
1707051274,582
1707051279,716
1707051279,981
1707051280,872
1707051290,979
1707051290,720
1707051291,804
1707051296,708
1707051296,288
1707051296,834
1707051301,861
1707051301,814
1707051301,223
1707051303,899
1707054903,199
1707054903,253
1707054904,94
1707054909,377
1707054909,580
1707054919,793
1707054929,449
1707054929,903
1707054939,809
1707054939,132
1707054939,2
1707054939,540
1707054941,319
1707054941,499
1707055001,309
1707055001,445
1707055061,573
1707055063,996
1707055073,742
1707055078,89
1707055083,598
1707055088,20
1707055090,204
1707055090,376
1707055095,759
1707055155,78
1707058755,491
1707058760,716
1707058760,704
1707058760,826
1707062360,436
1707065960,520
1707069560,323
1707069560,162
1707069561,603
1707069563,997
1707069563,713
1707069568,74
1707069568,825
1707069569,288
1707069574,475
1707069574,42
1707069576,154
1707069577,660
1707073177,917
1707073182,248
1707073183,915
1707073183,262
1707073183,352
1707073188,618
1707073189,495
1707073194,63
1707076794,444
1707076795,763
1707076795,452
1707076855,360
1707080455,291
1707080465,719
1707080466,76
1707080467,347
1707080477,331
1707080482,718
1707080482,307
1707080482,974
1707080484,300
1707080484,704
1707080494,729
1707080554,636
1707080564,966
1707080624,582
1707080625,40
1707084225,313
1707084225,628
1707084235,666
1707084236,193
1707084237,695
1707087837,614
1707087837,661
1707087847,927
1707087857,883
1707087857,501
1707087857,538
1707091457,701
1707091457,607
1707091457,485
1707091462,176
1707091463,478
1707091463,823
1707091463,755
1707091463,298
1707091468,768
1707091469,946
1707091471,607
1707095071,520
1707095081,624
1707098681,456
1707098681,65
1707102281,324
1707102291,563
1707105891,121
1707105891,217
1707105891,549
1707105892,536
1707105892,362
1707105893,381
1707105903,184
1707105963,679
1707105965,259
1707105965,248
1707105965,602
1707105965,654
1707105965,715
1707105965,437
1707105967,12
1707105977,673
1707105978,287
1707105978,52
1707106038,433
1707106043,78
1707106043,344
1707106048,52
1707106058,701
1707106063,503
1707106063,116
1707106063,162
1707106063,60
1707109663,168
1707109673,364
1707109673,850
1707109673,477
1707113273,281
1707113278,740
1707113288,147
1707116888,749
1707116888,694
1707116888,909
1707116888,398
1707116948,160
1707116949,880
1707116950,743
1707116950,63
1707116960,237
1707116961,313
1707116961,314
1707116971,383
1707116971,562
1707116981,259
1707116981,304
1707116981,431
1707117041,759
1707117041,928
1707117043,123
1707117044,735
1707117044,588
1707117104,105
1707117164,304
1707117164,383
1707117164,329
1707117164,811
1707117165,210
1707117165,395
1707120765,46
1707120770,908
1707120772,455
1707120772,471
1707120772,282
1707120772,58
1707120772,27
1707124372,826
1707124377,634
1707124377,655
1707124379,735
1707124384,225
1707127984,542
1707127984,162
1707127984,787
1707127984,153
1707127984,213
1707127984,278
1707127984,693
1707127984,78
1707127985,898
1707127986,32
1707127987,808
1707131587,766
1707131587,876
1707131587,110
1707131597,646
1707131598,104
1707131608,448
1707131608,86
1707131608,510
1707135208,486
1707135208,634
1707135209,742
1707135210,161
1707135211,267
1707135211,218
1707135211,421
1707135221,948
1707138821,28
1707138831,377
1707138832,300
1707138892,629
1707142492,283
1707142494,463
1707146094,36
1707146094,585
1707149694,172
1707149694,66
1707153294,231
1707153354,399
1707153354,331
1707153414,269
1707153414,684
1707153415,182
1707153415,297
1707157015,519
1707157015,484
1707157015,652
1707157016,44
1707157017,174
1707160617,559
1707160617,638
1707160622,7
1707164222,700
1707164222,590
1707167822,179
1707167822,384
1707167823,63
1707167833,866
1707167843,60
1707167845,417
1707167845,880
1707167846,505
1707167846,393
1707167847,537
1707167849,411
1707167909,647
1707167914,224
1707167914,403
1707167914,772
1707167914,590
1707167916,832
1707167916,82
1707167921,244
1707167921,580
1707167931,706
1707171531,598
1707171531,289
1707171532,628
1707171592,520
1707171592,443
1707175192,427
1707175202,645
1707175212,783
1707175222,727
1707175222,80
1707175222,283
1707175223,794
1707175233,807
1707175243,864
1707175243,267
1707175303,585
1707178903,644
1707178908,168
1707178909,29
1707178909,643
1707178910,167
1707178920,682
1707178921,48
1707178926,943
1707178936,681
1707178936,756
1707178946,395
1707178956,860
1707178956,915
1707179016,368
1707179017,658
1707179077,53
1707179082,773
1707179142,430
1707179142,679
1707182742,485
1707182747,390
1707182748,464
1707182750,670
1707182755,201
1707182815,729
1707182815,153
1707186415,516
1707186420,561
1707186480,198
1707186485,865
1707186485,733
1707186490,875
1707186495,60
1707186496,94
1707186497,425
1707186502,697
1707186503,578
1707186504,83
1707190104,725
1707190105,445
1707190105,850
1707190115,762
1707190116,762
1707190116,805
1707190117,234
1707190117,179
1707190117,209
1707190117,578
1707190117,214
1707190117,305
1707190117,142
1707190117,715
1707190127,731
1707190132,344
1707190137,40
1707190137,763
1707190137,729
1707190147,169
1707190147,701
1707190147,218
1707190147,820
1707190147,134
1707190148,983
1707190148,948
1707190149,318
1707190154,194
1707190154,930
1707193754,859
1707193754,171
1707193759,578
1707193761,579
1707193761,441
1707193821,312
1707193881,560
1707193886,745
1707193887,102
1707193947,305
1707197547,633
1707197547,741
1707197548,79
1707201148,251
1707204748,926
1707204748,372
1707204808,33
1707204808,551
1707204809,385
1707204810,106
1707208410,43
1707208410,93
1707208470,875
1707208480,418
1707208481,64
1707208482,541
1707208542,766
1707208547,637
1707208557,822
1707208557,663
1707208557,402
